Id,Predicted
00008af0-bad0-11e8-b2b8-ac1f6b6435d0,0 2
0000a892-bacf-11e8-b2b8-ac1f6b6435d0,0 5 25
0006faa6-bac7-11e8-b2b7-ac1f6b6435d0,0 5 25
0008baca-bad7-11e8-b2b9-ac1f6b6435d0,0 25
000cce7e-bad4-11e8-b2b8-ac1f6b6435d0,0 7 25
00109f6a-bac8-11e8-b2b7-ac1f6b6435d0,4
001765de-bacd-11e8-b2b8-ac1f6b6435d0,4 25
0018641a-bac9-11e8-b2b8-ac1f6b6435d0,0 25
00200f22-bad7-11e8-b2b9-ac1f6b6435d0,0
0026f154-bac6-11e8-b2b7-ac1f6b6435d0,25
002729d2-bace-11e8-b2b8-ac1f6b6435d0,0 18 25
002c1a7c-bad4-11e8-b2b8-ac1f6b6435d0,3 5
003170fa-bacd-11e8-b2b8-ac1f6b6435d0,0 2 25
0031820a-baca-11e8-b2b8-ac1f6b6435d0,0 7 23
00407c16-bad3-11e8-b2b8-ac1f6b6435d0,25
005ce2ea-bacc-11e8-b2b8-ac1f6b6435d0,18
00631ec8-bad9-11e8-b2b9-ac1f6b6435d0,2 25
00673f64-bad2-11e8-b2b8-ac1f6b6435d0,0 5
0070171c-bad0-11e8-b2b8-ac1f6b6435d0,14 21
007290b6-bad8-11e8-b2b9-ac1f6b6435d0,0 5
0075ee26-bacb-11e8-b2b8-ac1f6b6435d0,1 6 25
00763d66-bacd-11e8-b2b8-ac1f6b6435d0,0 5 7
007eca68-bac7-11e8-b2b7-ac1f6b6435d0,0 25
008ab0b8-bad5-11e8-b2b8-ac1f6b6435d0,0 21
008e8c3e-bad4-11e8-b2b8-ac1f6b6435d0,0 4 25
009131e6-baca-11e8-b2b8-ac1f6b6435d0,0 12 25
0094159e-bad1-11e8-b2b8-ac1f6b6435d0,0
0097a5c2-bac9-11e8-b2b8-ac1f6b6435d0,0 3
009d32e4-bad3-11e8-b2b8-ac1f6b6435d0,0 25
00a4925a-bad8-11e8-b2b9-ac1f6b6435d0,0 5
00a79920-bad1-11e8-b2b8-ac1f6b6435d0,0 13 21
00ad3e84-bad1-11e8-b2b8-ac1f6b6435d0,0 19
00ae837a-bac7-11e8-b2b7-ac1f6b6435d0,0 17 18
00aee508-bad2-11e8-b2b8-ac1f6b6435d0,0 5 25
00b86f34-bacc-11e8-b2b8-ac1f6b6435d0,0 7 25
00ba25e2-bacf-11e8-b2b8-ac1f6b6435d0,13
00bb4f2a-bada-11e8-b2b9-ac1f6b6435d0,0 25
00bb558e-bacf-11e8-b2b8-ac1f6b6435d0,0 3
00bb8fa8-bada-11e8-b2b9-ac1f6b6435d0,0 21
00c19c92-bac9-11e8-b2b8-ac1f6b6435d0,0 1
00cfafb0-bacb-11e8-b2b8-ac1f6b6435d0,0 25
00d2a4f8-bad6-11e8-b2b9-ac1f6b6435d0,0 23 25
00db3cb8-bac6-11e8-b2b7-ac1f6b6435d0,0 25
00dc78c8-bad3-11e8-b2b8-ac1f6b6435d0,19 25
00de1ab2-bad2-11e8-b2b8-ac1f6b6435d0,25
00deeaca-bada-11e8-b2b9-ac1f6b6435d0,25 26
00df3d44-bac7-11e8-b2b7-ac1f6b6435d0,0
00e00578-baca-11e8-b2b8-ac1f6b6435d0,0
00e00666-badb-11e8-b2b9-ac1f6b6435d0,25
00e5f530-badb-11e8-b2b9-ac1f6b6435d0,0 2
00f5798a-baca-11e8-b2b8-ac1f6b6435d0,0 25
010232b0-bad9-11e8-b2b9-ac1f6b6435d0,0 5
0106ac3e-bac8-11e8-b2b7-ac1f6b6435d0,24
01170db6-bad4-11e8-b2b8-ac1f6b6435d0,0 25
01182374-bac8-11e8-b2b7-ac1f6b6435d0,3
011d0d88-bacf-11e8-b2b8-ac1f6b6435d0,0 25
013868ca-bad0-11e8-b2b8-ac1f6b6435d0,0 25
013bb580-baca-11e8-b2b8-ac1f6b6435d0,11
0142b822-bace-11e8-b2b8-ac1f6b6435d0,0 25
014c1cac-bacc-11e8-b2b8-ac1f6b6435d0,25
014db382-bacc-11e8-b2b8-ac1f6b6435d0,2
014f8b62-bacc-11e8-b2b8-ac1f6b6435d0,0 5 21 25
015083f4-bad7-11e8-b2b9-ac1f6b6435d0,0 25
015b2736-bace-11e8-b2b8-ac1f6b6435d0,0 25
015dcea0-bad3-11e8-b2b8-ac1f6b6435d0,23
01694d0c-bace-11e8-b2b8-ac1f6b6435d0,0 7 25
016a074e-bac7-11e8-b2b7-ac1f6b6435d0,3 25
016c6c36-bacd-11e8-b2b8-ac1f6b6435d0,0 25
0176a358-bace-11e8-b2b8-ac1f6b6435d0,0 25
017bce6e-bace-11e8-b2b8-ac1f6b6435d0,25
017c5fb2-bad0-11e8-b2b8-ac1f6b6435d0,2
017cd0e8-bace-11e8-b2b8-ac1f6b6435d0,0 2
017faf3e-bad3-11e8-b2b8-ac1f6b6435d0,0 14
01835f6c-bad3-11e8-b2b8-ac1f6b6435d0,4
01854ec8-bad1-11e8-b2b8-ac1f6b6435d0,0 21 25
01861f5a-bacd-11e8-b2b8-ac1f6b6435d0,0
0189c954-bad5-11e8-b2b8-ac1f6b6435d0,0 4
018f06ec-bad2-11e8-b2b8-ac1f6b6435d0,0 1
019b4708-bac9-11e8-b2b8-ac1f6b6435d0,0 25
019ba74e-bad2-11e8-b2b8-ac1f6b6435d0,0 25
019d1658-bacb-11e8-b2b8-ac1f6b6435d0,0 25
019f0ee6-bad4-11e8-b2b8-ac1f6b6435d0,0 25
019f2c72-bac6-11e8-b2b7-ac1f6b6435d0,0 21
01a1b88a-bad9-11e8-b2b9-ac1f6b6435d0,2 21 25
01a9cd40-baca-11e8-b2b8-ac1f6b6435d0,18 19
01aa697c-bac9-11e8-b2b8-ac1f6b6435d0,0 25
01ab57ce-bac9-11e8-b2b8-ac1f6b6435d0,23
01adcb3a-bad3-11e8-b2b8-ac1f6b6435d0,0 21
01c42b88-bac8-11e8-b2b7-ac1f6b6435d0,25
01c878b4-bac8-11e8-b2b7-ac1f6b6435d0,21
01ccbe04-baca-11e8-b2b8-ac1f6b6435d0,0 25
01cda8a8-bad6-11e8-b2b9-ac1f6b6435d0,21 23
01cef0f8-bad8-11e8-b2b9-ac1f6b6435d0,23
01d32d72-bacd-11e8-b2b8-ac1f6b6435d0,13
01d904ca-bacf-11e8-b2b8-ac1f6b6435d0,0 2 25
01e09a9c-bac9-11e8-b2b8-ac1f6b6435d0,0 25
01e2f768-bad0-11e8-b2b8-ac1f6b6435d0,7 25
01e3b2b2-bacf-11e8-b2b8-ac1f6b6435d0,0 7 25
01e41cf8-bace-11e8-b2b8-ac1f6b6435d0,24
01e7dc3a-bace-11e8-b2b8-ac1f6b6435d0,0 25
01e864b6-bad8-11e8-b2b9-ac1f6b6435d0,0 11 25
01ea2770-bad2-11e8-b2b8-ac1f6b6435d0,23
01f23058-bad9-11e8-b2b9-ac1f6b6435d0,23
01f4da46-bad5-11e8-b2b8-ac1f6b6435d0,0 23
01fcaa14-bad5-11e8-b2b8-ac1f6b6435d0,7
01fccd36-bad6-11e8-b2b9-ac1f6b6435d0,2 25
01fd2f5e-bad3-11e8-b2b8-ac1f6b6435d0,0 14 16 17
01ff9030-bad0-11e8-b2b8-ac1f6b6435d0,0 11 24
0202b702-bad9-11e8-b2b9-ac1f6b6435d0,20
0206b414-bad5-11e8-b2b8-ac1f6b6435d0,0 25
020bf4cc-bad2-11e8-b2b8-ac1f6b6435d0,0 2 25
020c976c-bacb-11e8-b2b8-ac1f6b6435d0,0 1
020de61a-bac8-11e8-b2b7-ac1f6b6435d0,0 16 17 18 25
020e0bca-bad9-11e8-b2b9-ac1f6b6435d0,0 22
020f442a-bad1-11e8-b2b8-ac1f6b6435d0,21 25
021334c2-bad1-11e8-b2b8-ac1f6b6435d0,21
022082f2-bac8-11e8-b2b7-ac1f6b6435d0,0 2
0222964e-bad9-11e8-b2b9-ac1f6b6435d0,4
022e4214-bacf-11e8-b2b8-ac1f6b6435d0,14 25
022e63d0-bad8-11e8-b2b9-ac1f6b6435d0,26
02352fa8-bad8-11e8-b2b9-ac1f6b6435d0,0 19 25
0237345e-bac6-11e8-b2b7-ac1f6b6435d0,16 17 25
0238dc88-bad4-11e8-b2b8-ac1f6b6435d0,2 23 25
0242c68e-bad5-11e8-b2b8-ac1f6b6435d0,0 20
0245a724-bacf-11e8-b2b8-ac1f6b6435d0,0 4
024789a8-bac6-11e8-b2b7-ac1f6b6435d0,0
024d5df0-bad6-11e8-b2b9-ac1f6b6435d0,0 25
0253e25e-bac9-11e8-b2b8-ac1f6b6435d0,25
025d82d0-bac6-11e8-b2b7-ac1f6b6435d0,0 2 4
025fd03e-bacc-11e8-b2b8-ac1f6b6435d0,19
026bcd1e-bad4-11e8-b2b8-ac1f6b6435d0,25
026fd15e-bad7-11e8-b2b9-ac1f6b6435d0,0 21 25
02778c56-bad6-11e8-b2b9-ac1f6b6435d0,0
0278021c-bac7-11e8-b2b7-ac1f6b6435d0,0 7
027e60f0-bad9-11e8-b2b9-ac1f6b6435d0,0 11
028229f2-bad8-11e8-b2b9-ac1f6b6435d0,5
02879fa8-bacf-11e8-b2b8-ac1f6b6435d0,0 14 25
028d1fe6-baca-11e8-b2b8-ac1f6b6435d0,0 24
028e3884-bad1-11e8-b2b8-ac1f6b6435d0,0 21
02922130-bacf-11e8-b2b8-ac1f6b6435d0,0 25
0298f908-bad7-11e8-b2b9-ac1f6b6435d0,0 19
029ccb30-bacf-11e8-b2b8-ac1f6b6435d0,25
02a4495a-baca-11e8-b2b8-ac1f6b6435d0,0 1
02a51ac4-bad4-11e8-b2b8-ac1f6b6435d0,0 2
02a5f686-bac7-11e8-b2b7-ac1f6b6435d0,0 2 25
02a9bdd0-bad5-11e8-b2b8-ac1f6b6435d0,22
02aa2a80-bad6-11e8-b2b9-ac1f6b6435d0,0
02ad0dd2-bada-11e8-b2b9-ac1f6b6435d0,0 7 25
02be9e3c-bad8-11e8-b2b9-ac1f6b6435d0,0
02beb518-bac7-11e8-b2b7-ac1f6b6435d0,0 25
02bee544-bad4-11e8-b2b8-ac1f6b6435d0,0 3 23
02cd2e50-bad0-11e8-b2b8-ac1f6b6435d0,17 18
02cf42a0-bad8-11e8-b2b9-ac1f6b6435d0,0 7
02d2ee9c-bad7-11e8-b2b9-ac1f6b6435d0,0 25
02d379bc-badb-11e8-b2b9-ac1f6b6435d0,3 7 25
02e19f42-badb-11e8-b2b9-ac1f6b6435d0,6 23
02eaee88-bac9-11e8-b2b8-ac1f6b6435d0,0 20
0301e966-bad9-11e8-b2b9-ac1f6b6435d0,0 25
030580d8-bad6-11e8-b2b9-ac1f6b6435d0,1 25
0305dfb6-bad0-11e8-b2b8-ac1f6b6435d0,7
0311fa50-bace-11e8-b2b8-ac1f6b6435d0,0 19 25
0317fdf2-bad2-11e8-b2b8-ac1f6b6435d0,0 25
032b9eae-bac6-11e8-b2b7-ac1f6b6435d0,0 11 21 25
032cfc24-bad8-11e8-b2b9-ac1f6b6435d0,4 25
0339c228-bad9-11e8-b2b9-ac1f6b6435d0,5
033ba068-bad7-11e8-b2b9-ac1f6b6435d0,0 23
033bbeda-bad8-11e8-b2b9-ac1f6b6435d0,0 25
03423ab6-bad4-11e8-b2b8-ac1f6b6435d0,19
034685a2-bac6-11e8-b2b7-ac1f6b6435d0,21 25
034c008a-bad1-11e8-b2b8-ac1f6b6435d0,25
034d2f1a-bada-11e8-b2b9-ac1f6b6435d0,5 25
035868be-bad8-11e8-b2b9-ac1f6b6435d0,0 19 25
035b8032-bad1-11e8-b2b8-ac1f6b6435d0,0 22 25
035f950a-bac7-11e8-b2b7-ac1f6b6435d0,7 23
0360c888-bac9-11e8-b2b8-ac1f6b6435d0,0 2
03659ab8-bad1-11e8-b2b8-ac1f6b6435d0,0 11
036927d6-bad2-11e8-b2b8-ac1f6b6435d0,
03710240-badb-11e8-b2b9-ac1f6b6435d0,0 7 25
0379e840-bac9-11e8-b2b8-ac1f6b6435d0,0 12
037a3214-bad8-11e8-b2b9-ac1f6b6435d0,0 2 25
037c6844-bad9-11e8-b2b9-ac1f6b6435d0,0 4
037f569e-bacf-11e8-b2b8-ac1f6b6435d0,23
038a489e-bacd-11e8-b2b8-ac1f6b6435d0,0
038aab6a-bad0-11e8-b2b8-ac1f6b6435d0,0 20
0397cb42-bad5-11e8-b2b8-ac1f6b6435d0,14
03989e04-bac7-11e8-b2b7-ac1f6b6435d0,0 25
039a2b64-bac9-11e8-b2b8-ac1f6b6435d0,0 21 25
039ce306-badb-11e8-b2b9-ac1f6b6435d0,0 2 25
039e06e4-bad8-11e8-b2b9-ac1f6b6435d0,23
03a3d46e-bada-11e8-b2b9-ac1f6b6435d0,0 14 21 25
03bda310-bac8-11e8-b2b7-ac1f6b6435d0,16 25
03bfb2b4-badb-11e8-b2b9-ac1f6b6435d0,0 4 25
03d64dee-bacc-11e8-b2b8-ac1f6b6435d0,0 5
03d70cc0-badb-11e8-b2b9-ac1f6b6435d0,25
03de360a-bacf-11e8-b2b8-ac1f6b6435d0,0 5 25
03ea0380-bac6-11e8-b2b7-ac1f6b6435d0,0 25
03ead900-bad9-11e8-b2b9-ac1f6b6435d0,0 25
03f31e24-badb-11e8-b2b9-ac1f6b6435d0,0 16
03f4b0e8-bad3-11e8-b2b8-ac1f6b6435d0,
03ffc2da-bace-11e8-b2b8-ac1f6b6435d0,0 25
03ffc5d2-bad3-11e8-b2b8-ac1f6b6435d0,2 21
04025c84-bad8-11e8-b2b9-ac1f6b6435d0,0 3 25
0407cae4-bacd-11e8-b2b8-ac1f6b6435d0,0 25
040ba4d0-bacc-11e8-b2b8-ac1f6b6435d0,0 25
040e4670-bad8-11e8-b2b9-ac1f6b6435d0,0 3 19
040fee1e-bacc-11e8-b2b8-ac1f6b6435d0,7 21
0418f17a-bac8-11e8-b2b7-ac1f6b6435d0,0 25
041ce7a8-bacd-11e8-b2b8-ac1f6b6435d0,0 5
0423bfcc-bad9-11e8-b2b9-ac1f6b6435d0,0 25
042da34c-bad0-11e8-b2b8-ac1f6b6435d0,0 26
04319434-bacb-11e8-b2b8-ac1f6b6435d0,0 14
043924f0-bac7-11e8-b2b7-ac1f6b6435d0,0
043dd0e8-bace-11e8-b2b8-ac1f6b6435d0,7 20
0441c9a4-bad9-11e8-b2b9-ac1f6b6435d0,0 5
04455b84-bad7-11e8-b2b9-ac1f6b6435d0,0 18 19 25
044d8abe-bad4-11e8-b2b8-ac1f6b6435d0,0 25
044e2200-bad2-11e8-b2b8-ac1f6b6435d0,
04565222-bacd-11e8-b2b8-ac1f6b6435d0,0 25 26
045718d8-bac8-11e8-b2b7-ac1f6b6435d0,22
0457b426-baca-11e8-b2b8-ac1f6b6435d0,2
046a6e86-bad4-11e8-b2b8-ac1f6b6435d0,0 2
046a73f4-bad9-11e8-b2b9-ac1f6b6435d0,0 14 25
0473d882-bad3-11e8-b2b8-ac1f6b6435d0,0 26
047d5b16-bacc-11e8-b2b8-ac1f6b6435d0,0 2 21
0484b7b4-baca-11e8-b2b8-ac1f6b6435d0,20 23
04852a9a-bac6-11e8-b2b7-ac1f6b6435d0,0 11
0487e4da-bad8-11e8-b2b9-ac1f6b6435d0,11
0492517a-bacb-11e8-b2b8-ac1f6b6435d0,3 12 25
049df494-bacb-11e8-b2b8-ac1f6b6435d0,0 19
04a0ad32-bac7-11e8-b2b7-ac1f6b6435d0,0 2 24
04b5f52e-bacd-11e8-b2b8-ac1f6b6435d0,25
04bd4d76-bacb-11e8-b2b8-ac1f6b6435d0,0 11
04cb9150-bacc-11e8-b2b8-ac1f6b6435d0,0 2
04d1ed9e-bada-11e8-b2b9-ac1f6b6435d0,0 23
04d1efac-bad9-11e8-b2b9-ac1f6b6435d0,0 25
04e1d4ac-bad0-11e8-b2b8-ac1f6b6435d0,11
04e82088-bad4-11e8-b2b8-ac1f6b6435d0,26
04eef62c-bad6-11e8-b2b9-ac1f6b6435d0,0 12
04f30392-bac8-11e8-b2b7-ac1f6b6435d0,0 25
04f4bcc8-bad7-11e8-b2b9-ac1f6b6435d0,17 18 25
04fa1290-bac8-11e8-b2b7-ac1f6b6435d0,0 12 25
04fe60d6-bad5-11e8-b2b8-ac1f6b6435d0,2 7
05043a7e-bacb-11e8-b2b8-ac1f6b6435d0,2 21 25
0509c846-baca-11e8-b2b8-ac1f6b6435d0,0 25
050df11c-bac7-11e8-b2b7-ac1f6b6435d0,4 25
051ef932-bacf-11e8-b2b8-ac1f6b6435d0,23
05293116-bacc-11e8-b2b8-ac1f6b6435d0,25
0529b9c8-bacd-11e8-b2b8-ac1f6b6435d0,4
0531750e-bac9-11e8-b2b8-ac1f6b6435d0,13 22
05336e34-bacb-11e8-b2b8-ac1f6b6435d0,0
0534009a-bad2-11e8-b2b8-ac1f6b6435d0,0 25
0537e6ea-bad4-11e8-b2b8-ac1f6b6435d0,0 1 25
0547f054-bace-11e8-b2b8-ac1f6b6435d0,0 2
05488cfc-baca-11e8-b2b8-ac1f6b6435d0,0 26
054fda56-bada-11e8-b2b9-ac1f6b6435d0,0 25
055058fe-badb-11e8-b2b9-ac1f6b6435d0,11
05543912-baca-11e8-b2b8-ac1f6b6435d0,23
055b8748-bada-11e8-b2b9-ac1f6b6435d0,3 5
055ded52-bacc-11e8-b2b8-ac1f6b6435d0,
0568b1e2-bacc-11e8-b2b8-ac1f6b6435d0,12 21 25
05794e6c-bacc-11e8-b2b8-ac1f6b6435d0,14 17 25
057b4f74-bacb-11e8-b2b8-ac1f6b6435d0,0 19 26
057cdf12-bac9-11e8-b2b8-ac1f6b6435d0,0 3 4
057dbf4e-bad9-11e8-b2b9-ac1f6b6435d0,0 2
057fc028-baca-11e8-b2b8-ac1f6b6435d0,13 25
058aafc8-bada-11e8-b2b9-ac1f6b6435d0,0
058e6152-bad2-11e8-b2b8-ac1f6b6435d0,12
058fea82-bac7-11e8-b2b7-ac1f6b6435d0,0
0595dc08-bacc-11e8-b2b8-ac1f6b6435d0,0 25
05a16ace-bad0-11e8-b2b8-ac1f6b6435d0,0 5 25
05a677d8-bad7-11e8-b2b9-ac1f6b6435d0,0 2 19
05a89430-bacf-11e8-b2b8-ac1f6b6435d0,0 25
05a9acb0-bacc-11e8-b2b8-ac1f6b6435d0,0 12
05ad3818-bada-11e8-b2b9-ac1f6b6435d0,0 2 25
05b486a6-bac9-11e8-b2b8-ac1f6b6435d0,2
05b50f2a-bac6-11e8-b2b7-ac1f6b6435d0,0 19 25
05ba53c6-bad1-11e8-b2b8-ac1f6b6435d0,0 2 5
05ba782e-bad1-11e8-b2b8-ac1f6b6435d0,11
05c9cc68-bad9-11e8-b2b9-ac1f6b6435d0,0 5 25
05cc9484-bad9-11e8-b2b9-ac1f6b6435d0,0 25
05d45be8-bace-11e8-b2b8-ac1f6b6435d0,0 3 25
05d7e1e8-bad6-11e8-b2b9-ac1f6b6435d0,0 2
05e5985a-bad2-11e8-b2b8-ac1f6b6435d0,0 3
06001d6c-bada-11e8-b2b9-ac1f6b6435d0,26
060206ba-bad8-11e8-b2b9-ac1f6b6435d0,0
061ab854-bace-11e8-b2b8-ac1f6b6435d0,0 12
061bd6e2-bad0-11e8-b2b8-ac1f6b6435d0,0 2 25
06247fd6-bad5-11e8-b2b8-ac1f6b6435d0,7
06329018-bad4-11e8-b2b8-ac1f6b6435d0,0 2
063d4e40-bad4-11e8-b2b8-ac1f6b6435d0,7 24
0642633a-bacf-11e8-b2b8-ac1f6b6435d0,0 5
0642c4c2-bacc-11e8-b2b8-ac1f6b6435d0,0 14 16
06495cb2-bad9-11e8-b2b9-ac1f6b6435d0,21 25
064b05f4-bad8-11e8-b2b9-ac1f6b6435d0,7
06687ff0-bad1-11e8-b2b8-ac1f6b6435d0,0 4 19
06738b78-bac9-11e8-b2b8-ac1f6b6435d0,0 21 25
067e9c5e-bad1-11e8-b2b8-ac1f6b6435d0,25
0685aaae-bad5-11e8-b2b8-ac1f6b6435d0,0 2 25
068b22ea-bad0-11e8-b2b8-ac1f6b6435d0,0 2 5
069077be-bad4-11e8-b2b8-ac1f6b6435d0,0 2
06a67c5e-bace-11e8-b2b8-ac1f6b6435d0,0 26
06a985bc-bad2-11e8-b2b8-ac1f6b6435d0,0 3
06b27ec0-bac7-11e8-b2b7-ac1f6b6435d0,11 25
06b3b4c6-bad0-11e8-b2b8-ac1f6b6435d0,14
06b4f936-baca-11e8-b2b8-ac1f6b6435d0,25
06b835e8-bace-11e8-b2b8-ac1f6b6435d0,0
06c19314-bad7-11e8-b2b9-ac1f6b6435d0,0 1
06c1ac34-bada-11e8-b2b9-ac1f6b6435d0,14 16
06c31878-bace-11e8-b2b8-ac1f6b6435d0,0 21
06c985a8-bad5-11e8-b2b8-ac1f6b6435d0,0 25
06ca9092-bacb-11e8-b2b8-ac1f6b6435d0,23 25
06ce0ec2-bad3-11e8-b2b8-ac1f6b6435d0,11
06d10dde-bad3-11e8-b2b8-ac1f6b6435d0,0 7
06d277d4-bac7-11e8-b2b7-ac1f6b6435d0,0
06d339f6-bad3-11e8-b2b8-ac1f6b6435d0,0 25
06d363c0-bacb-11e8-b2b8-ac1f6b6435d0,25
06d8ac90-bad5-11e8-b2b8-ac1f6b6435d0,14 16 17
06dd4eac-badb-11e8-b2b9-ac1f6b6435d0,0
06e54e5e-bac7-11e8-b2b7-ac1f6b6435d0,0 25
06e6b270-bad7-11e8-b2b9-ac1f6b6435d0,0 25
06e73cda-bad8-11e8-b2b9-ac1f6b6435d0,19
06e87738-bac6-11e8-b2b7-ac1f6b6435d0,6 25
06eaed86-bad7-11e8-b2b9-ac1f6b6435d0,0 21 25
06efae44-bacc-11e8-b2b8-ac1f6b6435d0,0 2
06f06eea-bad8-11e8-b2b9-ac1f6b6435d0,0
06f73f38-badb-11e8-b2b9-ac1f6b6435d0,0 2 7
06fb3a92-bac8-11e8-b2b7-ac1f6b6435d0,21
06fd5b72-baca-11e8-b2b8-ac1f6b6435d0,0 2
070dbf86-bace-11e8-b2b8-ac1f6b6435d0,0 2 3
0713ce82-bad6-11e8-b2b9-ac1f6b6435d0,0 14 25
0714cc54-bad8-11e8-b2b9-ac1f6b6435d0,5
071a1330-bad8-11e8-b2b9-ac1f6b6435d0,19 25
071cc8b8-bacf-11e8-b2b8-ac1f6b6435d0,25
0720ec14-bad3-11e8-b2b8-ac1f6b6435d0,0 1
0726edbe-badb-11e8-b2b9-ac1f6b6435d0,11 25
072f6998-bac8-11e8-b2b7-ac1f6b6435d0,7
073b9e30-bac7-11e8-b2b7-ac1f6b6435d0,24
073f7878-bac9-11e8-b2b8-ac1f6b6435d0,25
073f7ef2-bada-11e8-b2b9-ac1f6b6435d0,0 25
07433220-bacd-11e8-b2b8-ac1f6b6435d0,6
0745b78a-bac7-11e8-b2b7-ac1f6b6435d0,0 21 25
075203a0-bad1-11e8-b2b8-ac1f6b6435d0,0 18
0759779e-bad5-11e8-b2b8-ac1f6b6435d0,0 2 4
076a784c-bad9-11e8-b2b9-ac1f6b6435d0,14
076d1eb6-bad0-11e8-b2b8-ac1f6b6435d0,4 21 25
076df32a-bad7-11e8-b2b9-ac1f6b6435d0,0 5 25
076fd280-bad2-11e8-b2b8-ac1f6b6435d0,18 24
0774284e-bad7-11e8-b2b9-ac1f6b6435d0,3 7
0779b2a2-bada-11e8-b2b9-ac1f6b6435d0,0 2 21 25
07918b9a-bace-11e8-b2b8-ac1f6b6435d0,0 25
0794d658-bac7-11e8-b2b7-ac1f6b6435d0,0 7
07986944-bac7-11e8-b2b7-ac1f6b6435d0,26
0798a8c8-bad6-11e8-b2b9-ac1f6b6435d0,0 25
079da828-bad6-11e8-b2b9-ac1f6b6435d0,4
07aef76e-bad5-11e8-b2b8-ac1f6b6435d0,0 25
07afba98-bad3-11e8-b2b8-ac1f6b6435d0,3
07b73922-bad7-11e8-b2b9-ac1f6b6435d0,0 18 24
07b78498-baca-11e8-b2b8-ac1f6b6435d0,0 5
07b8be4c-badb-11e8-b2b9-ac1f6b6435d0,25
07c01b6a-bacc-11e8-b2b8-ac1f6b6435d0,0 2 23
07c1786a-bad2-11e8-b2b8-ac1f6b6435d0,11 24 25
07ca2b36-bac8-11e8-b2b7-ac1f6b6435d0,2 25
07ce1334-bad4-11e8-b2b8-ac1f6b6435d0,0 25
07cec246-badb-11e8-b2b9-ac1f6b6435d0,0 25
07d19770-bad9-11e8-b2b9-ac1f6b6435d0,7
07d2fb8e-bac9-11e8-b2b8-ac1f6b6435d0,11
07d6cc42-bac8-11e8-b2b7-ac1f6b6435d0,11
07e57c84-badb-11e8-b2b9-ac1f6b6435d0,0
07e6612a-bacd-11e8-b2b8-ac1f6b6435d0,0 5
07e9faf4-baca-11e8-b2b8-ac1f6b6435d0,0 5
07ea5874-bad3-11e8-b2b8-ac1f6b6435d0,17 23 25
07efe8aa-bada-11e8-b2b9-ac1f6b6435d0,0 1 25
07f51dce-badb-11e8-b2b9-ac1f6b6435d0,0 21 25
0808e47a-bad2-11e8-b2b8-ac1f6b6435d0,25
080911ae-bad5-11e8-b2b8-ac1f6b6435d0,0 23 25
080e2358-bac9-11e8-b2b8-ac1f6b6435d0,0 21
0817eec6-badb-11e8-b2b9-ac1f6b6435d0,0
081931e6-bad1-11e8-b2b8-ac1f6b6435d0,0 3 25
082246c2-bacd-11e8-b2b8-ac1f6b6435d0,12 25
082adebe-bad1-11e8-b2b8-ac1f6b6435d0,4 21 25
082ee970-bacf-11e8-b2b8-ac1f6b6435d0,0 21
0830d658-bad5-11e8-b2b8-ac1f6b6435d0,2 7
083a6242-bac9-11e8-b2b8-ac1f6b6435d0,0
083a924e-bad3-11e8-b2b8-ac1f6b6435d0,0 25
08481b4e-bad3-11e8-b2b8-ac1f6b6435d0,0 4 5
084c51ae-baca-11e8-b2b8-ac1f6b6435d0,11 14 25
0850dea8-bacb-11e8-b2b8-ac1f6b6435d0,0 2
085ad45a-bac9-11e8-b2b8-ac1f6b6435d0,3
085b49f6-bad0-11e8-b2b8-ac1f6b6435d0,18 19
0880ac84-bace-11e8-b2b8-ac1f6b6435d0,0 2 25
0881fdf4-bad4-11e8-b2b8-ac1f6b6435d0,7 11
0882c0e6-bad8-11e8-b2b9-ac1f6b6435d0,0 25
088c4ede-bad0-11e8-b2b8-ac1f6b6435d0,0 14
08939cf2-bad0-11e8-b2b8-ac1f6b6435d0,25
0893aa9c-bad7-11e8-b2b9-ac1f6b6435d0,0
0894e7cc-bad7-11e8-b2b9-ac1f6b6435d0,0
089b1676-bad0-11e8-b2b8-ac1f6b6435d0,21 25
08aecd14-bad6-11e8-b2b9-ac1f6b6435d0,0 11 25
08af3a84-bacb-11e8-b2b8-ac1f6b6435d0,0 11
08b746b6-bacb-11e8-b2b8-ac1f6b6435d0,0
08c3d2d6-bad1-11e8-b2b8-ac1f6b6435d0,0 21 23 25
08c52736-bada-11e8-b2b9-ac1f6b6435d0,0 2 5
08c6d41e-bad0-11e8-b2b8-ac1f6b6435d0,21 23
08c9541c-bad2-11e8-b2b8-ac1f6b6435d0,0 21
08ca1762-bacd-11e8-b2b8-ac1f6b6435d0,0 21 25
08cd3138-bad0-11e8-b2b8-ac1f6b6435d0,0 2 11 23
08d14072-bad3-11e8-b2b8-ac1f6b6435d0,0 23
08d1de36-bada-11e8-b2b9-ac1f6b6435d0,23
08d495da-bad1-11e8-b2b8-ac1f6b6435d0,11 25
08dcbe02-bac9-11e8-b2b8-ac1f6b6435d0,1
08e20b06-bad7-11e8-b2b9-ac1f6b6435d0,25
08e2a8de-bad9-11e8-b2b9-ac1f6b6435d0,0
08e373ca-badb-11e8-b2b9-ac1f6b6435d0,23
08ebbffc-bacd-11e8-b2b8-ac1f6b6435d0,7
08ed2dac-bad1-11e8-b2b8-ac1f6b6435d0,0
08fccea2-bad5-11e8-b2b8-ac1f6b6435d0,0 26
08feb180-bacc-11e8-b2b8-ac1f6b6435d0,25
090c44f8-bad1-11e8-b2b8-ac1f6b6435d0,0
091024c8-bacd-11e8-b2b8-ac1f6b6435d0,0 2 5 25
0918d982-bad3-11e8-b2b8-ac1f6b6435d0,0 7 24
09197586-bad8-11e8-b2b9-ac1f6b6435d0,0 5 19 25
091ccec8-bac6-11e8-b2b7-ac1f6b6435d0,0 2
091df990-bacd-11e8-b2b8-ac1f6b6435d0,7 17 18
091ea2e2-bacc-11e8-b2b8-ac1f6b6435d0,0 2 25
0921ada0-bace-11e8-b2b8-ac1f6b6435d0,0 25
0926232e-bad5-11e8-b2b8-ac1f6b6435d0,0 7 25
0926dfdc-bad8-11e8-b2b9-ac1f6b6435d0,25
0934f0b6-bad5-11e8-b2b8-ac1f6b6435d0,0 19
093aaf6e-bad6-11e8-b2b9-ac1f6b6435d0,0 3 24
093e5f6a-bacc-11e8-b2b8-ac1f6b6435d0,4 25
09425396-bac6-11e8-b2b7-ac1f6b6435d0,0 2 12 21 25
0947a4de-bacd-11e8-b2b8-ac1f6b6435d0,0 23 25
09481676-bac8-11e8-b2b7-ac1f6b6435d0,23
094f9df2-bacc-11e8-b2b8-ac1f6b6435d0,0 14
0951858a-bac8-11e8-b2b7-ac1f6b6435d0,0 25
09524b5e-bace-11e8-b2b8-ac1f6b6435d0,0 23 25
09546490-bad1-11e8-b2b8-ac1f6b6435d0,0 4
095a7e4e-bac6-11e8-b2b7-ac1f6b6435d0,0 7
096011fa-badb-11e8-b2b9-ac1f6b6435d0,2
0962ca88-bac9-11e8-b2b8-ac1f6b6435d0,7
0963d97c-bad9-11e8-b2b9-ac1f6b6435d0,0 1
09640254-bace-11e8-b2b8-ac1f6b6435d0,21 25
0968aaa0-bacb-11e8-b2b8-ac1f6b6435d0,17 25
096d737c-bacc-11e8-b2b8-ac1f6b6435d0,0 2
096fa552-badb-11e8-b2b9-ac1f6b6435d0,0 25
09738310-bad2-11e8-b2b8-ac1f6b6435d0,0 22 25
09755250-bada-11e8-b2b9-ac1f6b6435d0,0
097e78f4-bacf-11e8-b2b8-ac1f6b6435d0,21 25
099c0526-bacb-11e8-b2b8-ac1f6b6435d0,17 25
09a5547a-bad8-11e8-b2b9-ac1f6b6435d0,0 2 17 18 25
09a5ecc6-bad5-11e8-b2b8-ac1f6b6435d0,0 12
09a679b0-bad6-11e8-b2b9-ac1f6b6435d0,0 2
09a7b500-bad6-11e8-b2b9-ac1f6b6435d0,0 4 25
09b01a68-bace-11e8-b2b8-ac1f6b6435d0,0 5
09b69fc2-bacf-11e8-b2b8-ac1f6b6435d0,0 2
09b890b0-bacb-11e8-b2b8-ac1f6b6435d0,0
09b910ec-bac8-11e8-b2b7-ac1f6b6435d0,0 3
09ca1fdc-bac7-11e8-b2b7-ac1f6b6435d0,25
09cda288-bac7-11e8-b2b7-ac1f6b6435d0,0 25
09d6ead4-bad4-11e8-b2b8-ac1f6b6435d0,4
09e2f830-bac8-11e8-b2b7-ac1f6b6435d0,0 25
09e30fa4-bace-11e8-b2b8-ac1f6b6435d0,0 25
09eca8fa-bac6-11e8-b2b7-ac1f6b6435d0,0 2
09efd6cc-bad7-11e8-b2b9-ac1f6b6435d0,0 2 25
09f5a320-baca-11e8-b2b8-ac1f6b6435d0,7
09ffbff4-baca-11e8-b2b8-ac1f6b6435d0,0 21
0a00943a-bad7-11e8-b2b9-ac1f6b6435d0,23 25
0a02854c-bad2-11e8-b2b8-ac1f6b6435d0,0 23
0a04bc22-bac8-11e8-b2b7-ac1f6b6435d0,0 2
0a13dfbe-bad1-11e8-b2b8-ac1f6b6435d0,7 11
0a14d402-bad9-11e8-b2b9-ac1f6b6435d0,0 3
0a178f00-bad7-11e8-b2b9-ac1f6b6435d0,2 25
0a18c6ae-bad2-11e8-b2b8-ac1f6b6435d0,0 2
0a1fe790-bac8-11e8-b2b7-ac1f6b6435d0,0 25
0a214110-bacf-11e8-b2b8-ac1f6b6435d0,17 25
0a218dea-bad5-11e8-b2b8-ac1f6b6435d0,0 3
0a33d46a-bad9-11e8-b2b9-ac1f6b6435d0,0 25
0a422758-bacb-11e8-b2b8-ac1f6b6435d0,0 25
0a45bdea-bacc-11e8-b2b8-ac1f6b6435d0,6 25
0a46777a-bacd-11e8-b2b8-ac1f6b6435d0,0 4
0a51d144-bada-11e8-b2b9-ac1f6b6435d0,14
0a53eac2-bad2-11e8-b2b8-ac1f6b6435d0,0 5 21 25
0a67fbf8-bad6-11e8-b2b9-ac1f6b6435d0,4
0a71a684-bacd-11e8-b2b8-ac1f6b6435d0,0 19
0a8119dc-baca-11e8-b2b8-ac1f6b6435d0,0 22
0a836bb8-bad6-11e8-b2b9-ac1f6b6435d0,0 21 25
0a85de3e-bad6-11e8-b2b9-ac1f6b6435d0,25
0a86dd2e-bad7-11e8-b2b9-ac1f6b6435d0,0 13
0a96bf2c-bad3-11e8-b2b8-ac1f6b6435d0,4
0a9df36a-bacd-11e8-b2b8-ac1f6b6435d0,1
0aa40456-baca-11e8-b2b8-ac1f6b6435d0,0 7 25
0aaacd0a-bad8-11e8-b2b9-ac1f6b6435d0,25
0aab3ca6-bacc-11e8-b2b8-ac1f6b6435d0,0 25
0ab2911a-bad4-11e8-b2b8-ac1f6b6435d0,2 25
0ac19f20-bacf-11e8-b2b8-ac1f6b6435d0,0 25
0ac922ec-bad2-11e8-b2b8-ac1f6b6435d0,7
0ade8854-bad6-11e8-b2b9-ac1f6b6435d0,25
0ae80b98-bace-11e8-b2b8-ac1f6b6435d0,0 7
0af92b0a-bacc-11e8-b2b8-ac1f6b6435d0,0 23
0aff2ad2-badb-11e8-b2b9-ac1f6b6435d0,0 2 19 23
0affb208-bad2-11e8-b2b8-ac1f6b6435d0,0 21 25
0b09f036-bacf-11e8-b2b8-ac1f6b6435d0,2
0b150c76-bacc-11e8-b2b8-ac1f6b6435d0,0
0b21cf66-bacb-11e8-b2b8-ac1f6b6435d0,21 25
0b21f548-bac8-11e8-b2b7-ac1f6b6435d0,21
0b22501c-bacb-11e8-b2b8-ac1f6b6435d0,0
0b303e20-bada-11e8-b2b9-ac1f6b6435d0,0 4 21 25
0b37940e-bad5-11e8-b2b8-ac1f6b6435d0,7 25
0b3d9a66-bad5-11e8-b2b8-ac1f6b6435d0,0 25
0b42d0ae-baca-11e8-b2b8-ac1f6b6435d0,0 7
0b465108-bad8-11e8-b2b9-ac1f6b6435d0,0 21 25
0b4a7eac-bada-11e8-b2b9-ac1f6b6435d0,0 4 7 25
0b4b6078-bad6-11e8-b2b9-ac1f6b6435d0,13
0b51d78e-bad9-11e8-b2b9-ac1f6b6435d0,0 2
0b524560-bad0-11e8-b2b8-ac1f6b6435d0,0 21 25
0b5e2de8-bacc-11e8-b2b8-ac1f6b6435d0,19 21
0b5fb722-bac6-11e8-b2b7-ac1f6b6435d0,7
0b60ece0-badb-11e8-b2b9-ac1f6b6435d0,0 23 25
0b651912-bad3-11e8-b2b8-ac1f6b6435d0,16 25
0b667c6a-bac6-11e8-b2b7-ac1f6b6435d0,3
0b686942-bad7-11e8-b2b9-ac1f6b6435d0,0
0b687102-bace-11e8-b2b8-ac1f6b6435d0,0 3 25
0b724dec-bada-11e8-b2b9-ac1f6b6435d0,0 1 2 25
0b79add8-bad2-11e8-b2b8-ac1f6b6435d0,0
0b847bdc-bad7-11e8-b2b9-ac1f6b6435d0,
0b8a8846-bac9-11e8-b2b8-ac1f6b6435d0,2 25
0b8ab400-bacf-11e8-b2b8-ac1f6b6435d0,0 4
0b90f204-bac8-11e8-b2b7-ac1f6b6435d0,0 7
0b91f1c6-bace-11e8-b2b8-ac1f6b6435d0,0 1 25
0b9eb77e-bad5-11e8-b2b8-ac1f6b6435d0,25
0ba71ff0-bad4-11e8-b2b8-ac1f6b6435d0,18
0bab42a8-bad2-11e8-b2b8-ac1f6b6435d0,0 7 25
0bbf3554-bad9-11e8-b2b9-ac1f6b6435d0,0 6 23 25
0bc8b308-bac6-11e8-b2b7-ac1f6b6435d0,0 17 21 25
0bcdb452-bacb-11e8-b2b8-ac1f6b6435d0,4 25
0bd67624-bacf-11e8-b2b8-ac1f6b6435d0,0 14
0bd92cf2-bacf-11e8-b2b8-ac1f6b6435d0,2 25
0bddfe6a-bad1-11e8-b2b8-ac1f6b6435d0,19
0be26300-bacd-11e8-b2b8-ac1f6b6435d0,0 25
0be367ce-bac7-11e8-b2b7-ac1f6b6435d0,19
0be78ef2-bad2-11e8-b2b8-ac1f6b6435d0,0 12
0bf09f34-bacc-11e8-b2b8-ac1f6b6435d0,0 21
0bf6d762-bad3-11e8-b2b8-ac1f6b6435d0,5
0bfa9100-bacd-11e8-b2b8-ac1f6b6435d0,0
0bfe09fa-bad4-11e8-b2b8-ac1f6b6435d0,0 25
0bff944e-bac7-11e8-b2b7-ac1f6b6435d0,7
0c02d906-bad6-11e8-b2b9-ac1f6b6435d0,4
0c09e060-bac8-11e8-b2b7-ac1f6b6435d0,0 16 25
0c0ecdd2-bac8-11e8-b2b7-ac1f6b6435d0,2 7 25
0c0fac50-bad4-11e8-b2b8-ac1f6b6435d0,0 2
0c0fe9fe-bacf-11e8-b2b8-ac1f6b6435d0,6 23
0c14054c-bada-11e8-b2b9-ac1f6b6435d0,14
0c1879ca-bad9-11e8-b2b9-ac1f6b6435d0,0 2 25
0c1a2d0c-bace-11e8-b2b8-ac1f6b6435d0,0 11 12 25
0c1dc0c4-baca-11e8-b2b8-ac1f6b6435d0,2 21 25
0c1effb2-bac9-11e8-b2b8-ac1f6b6435d0,21
0c258434-bada-11e8-b2b9-ac1f6b6435d0,12 25
0c271aa6-bad0-11e8-b2b8-ac1f6b6435d0,0 25
0c27d1d6-baca-11e8-b2b8-ac1f6b6435d0,0 25
0c31bf22-bad7-11e8-b2b9-ac1f6b6435d0,0 25
0c35b304-bad5-11e8-b2b8-ac1f6b6435d0,0 7
0c38226a-bad0-11e8-b2b8-ac1f6b6435d0,0
0c3c57fe-bac6-11e8-b2b7-ac1f6b6435d0,21 23
0c4035e4-bad6-11e8-b2b9-ac1f6b6435d0,0 2 7 23 25
0c43a180-bada-11e8-b2b9-ac1f6b6435d0,18 25
0c495f86-bacf-11e8-b2b8-ac1f6b6435d0,0 25
0c5847ca-bad0-11e8-b2b8-ac1f6b6435d0,0 25
0c59923c-badb-11e8-b2b9-ac1f6b6435d0,0 2 25
0c5aae60-badb-11e8-b2b9-ac1f6b6435d0,25
0c5b9b12-bacd-11e8-b2b8-ac1f6b6435d0,0
0c6ad0a8-bad4-11e8-b2b8-ac1f6b6435d0,17 18 25
0c719fd2-bacf-11e8-b2b8-ac1f6b6435d0,0 25
0c87606a-bad9-11e8-b2b9-ac1f6b6435d0,14 16 25
0c8a5c54-bac8-11e8-b2b7-ac1f6b6435d0,0 19
0c91c7ce-bad1-11e8-b2b8-ac1f6b6435d0,0 16 25
0c9539a0-bad5-11e8-b2b8-ac1f6b6435d0,11
0c9845fe-bac7-11e8-b2b7-ac1f6b6435d0,0 17 25
0ca05e9e-baca-11e8-b2b8-ac1f6b6435d0,7
0ca65c1a-bad7-11e8-b2b9-ac1f6b6435d0,0
0cab24d6-bac6-11e8-b2b7-ac1f6b6435d0,0 21
0cafbf52-bac9-11e8-b2b8-ac1f6b6435d0,0 19 25
0cb3da5a-bad9-11e8-b2b9-ac1f6b6435d0,0 20 25 26
0cbfe28a-bad6-11e8-b2b9-ac1f6b6435d0,25
0cc42e80-bac7-11e8-b2b7-ac1f6b6435d0,5 25
0cc84706-bacf-11e8-b2b8-ac1f6b6435d0,11
0cd8b820-bad9-11e8-b2b9-ac1f6b6435d0,0 25
0cdd7e90-bad0-11e8-b2b8-ac1f6b6435d0,21
0cec7174-bac7-11e8-b2b7-ac1f6b6435d0,4 25
0cf28598-bad4-11e8-b2b8-ac1f6b6435d0,23
0cf8f818-bac7-11e8-b2b7-ac1f6b6435d0,11 21
0cfd1932-bace-11e8-b2b8-ac1f6b6435d0,0 7
0d01be52-bad7-11e8-b2b9-ac1f6b6435d0,0 23
0d03b49e-bad9-11e8-b2b9-ac1f6b6435d0,0 22
0d0bf482-bac6-11e8-b2b7-ac1f6b6435d0,6 25
0d0e1796-bad8-11e8-b2b9-ac1f6b6435d0,19 21 25
0d13e436-baca-11e8-b2b8-ac1f6b6435d0,0 25
0d179dba-bad9-11e8-b2b9-ac1f6b6435d0,0 5 25
0d19a550-bac6-11e8-b2b7-ac1f6b6435d0,0 2
0d238c04-bad6-11e8-b2b9-ac1f6b6435d0,2 15
0d2f8d76-baca-11e8-b2b8-ac1f6b6435d0,21
0d2fb9da-bac6-11e8-b2b7-ac1f6b6435d0,0 21 25
0d3166fc-bad7-11e8-b2b9-ac1f6b6435d0,0 1 2
0d348c8a-bacb-11e8-b2b8-ac1f6b6435d0,23
0d36923c-bac6-11e8-b2b7-ac1f6b6435d0,0 25
0d373fcc-bad8-11e8-b2b9-ac1f6b6435d0,0 25
0d4066ee-bad1-11e8-b2b8-ac1f6b6435d0,0 5 21 25
0d41b0a6-bad3-11e8-b2b8-ac1f6b6435d0,0
0d435d8a-bacd-11e8-b2b8-ac1f6b6435d0,19
0d43e7ca-bada-11e8-b2b9-ac1f6b6435d0,0 4 7
0d47972a-bad1-11e8-b2b8-ac1f6b6435d0,0 21
0d4bd0fe-bac9-11e8-b2b8-ac1f6b6435d0,0 25
0d4cb792-bacb-11e8-b2b8-ac1f6b6435d0,7 25
0d65d596-bac7-11e8-b2b7-ac1f6b6435d0,0 14 15 16 17
0d70625c-bace-11e8-b2b8-ac1f6b6435d0,21
0d850d58-bad1-11e8-b2b8-ac1f6b6435d0,5
0d886dfa-bad5-11e8-b2b8-ac1f6b6435d0,2 21
0d949248-bad9-11e8-b2b9-ac1f6b6435d0,0 23
0d9dbb5e-bac8-11e8-b2b7-ac1f6b6435d0,1 21
0d9f863c-bacd-11e8-b2b8-ac1f6b6435d0,0 5 25
0da0bfa0-bad9-11e8-b2b9-ac1f6b6435d0,7
0da3b06a-bacb-11e8-b2b8-ac1f6b6435d0,0 13 25
0da53b4c-bad5-11e8-b2b8-ac1f6b6435d0,0 5
0db41f32-bad4-11e8-b2b8-ac1f6b6435d0,0 12
0db73aa6-bad8-11e8-b2b9-ac1f6b6435d0,14
0dbd4194-bad8-11e8-b2b9-ac1f6b6435d0,25
0dbea3d8-badb-11e8-b2b9-ac1f6b6435d0,0 21
0dc43604-bad6-11e8-b2b9-ac1f6b6435d0,5 21 22
0dc56f70-bad5-11e8-b2b8-ac1f6b6435d0,21 22
0dcbe6fc-bad0-11e8-b2b8-ac1f6b6435d0,0 25
0dd07e46-bad1-11e8-b2b8-ac1f6b6435d0,25
0dd3967c-bac6-11e8-b2b7-ac1f6b6435d0,0 12 21
0de6a3f4-bad3-11e8-b2b8-ac1f6b6435d0,0 25
0ded069e-bad4-11e8-b2b8-ac1f6b6435d0,0 7
0df971b0-bad7-11e8-b2b9-ac1f6b6435d0,0 25
0dfb7238-bacf-11e8-b2b8-ac1f6b6435d0,0 25
0dfc4d5e-bacd-11e8-b2b8-ac1f6b6435d0,14
0e0d8bb0-bac7-11e8-b2b7-ac1f6b6435d0,0 7
0e0e59d0-bad8-11e8-b2b9-ac1f6b6435d0,0 19
0e186896-badb-11e8-b2b9-ac1f6b6435d0,0 5
0e18e59e-bad3-11e8-b2b8-ac1f6b6435d0,0 19 23
0e1be38a-bac8-11e8-b2b7-ac1f6b6435d0,0 21
0e1ecc38-baca-11e8-b2b8-ac1f6b6435d0,13
0e244f46-bad4-11e8-b2b8-ac1f6b6435d0,0
0e27d746-bad0-11e8-b2b8-ac1f6b6435d0,2 23 25
0e29765a-bac6-11e8-b2b7-ac1f6b6435d0,0 7
0e326dc2-bad1-11e8-b2b8-ac1f6b6435d0,21 25
0e415eca-bac9-11e8-b2b8-ac1f6b6435d0,0 1 25
0e4ce5de-bad7-11e8-b2b9-ac1f6b6435d0,7 23 25
0e51dba0-bad4-11e8-b2b8-ac1f6b6435d0,0 5 25
0e530296-baca-11e8-b2b8-ac1f6b6435d0,19
0e532b30-bacb-11e8-b2b8-ac1f6b6435d0,21 25
0e551c3e-bacf-11e8-b2b8-ac1f6b6435d0,21 25
0e570488-bac8-11e8-b2b7-ac1f6b6435d0,0 7
0e59e66c-bad2-11e8-b2b8-ac1f6b6435d0,0
0e59ff2e-bad4-11e8-b2b8-ac1f6b6435d0,0 2
0e60405c-bacd-11e8-b2b8-ac1f6b6435d0,5 21
0e705b38-bad0-11e8-b2b8-ac1f6b6435d0,25
0e715752-bacd-11e8-b2b8-ac1f6b6435d0,1
0e78c6b8-bac8-11e8-b2b7-ac1f6b6435d0,0 1 19 25
0e82658a-bacb-11e8-b2b8-ac1f6b6435d0,0 25
0e8d1ff8-bacf-11e8-b2b8-ac1f6b6435d0,0 18 19
0e8d365c-bacd-11e8-b2b8-ac1f6b6435d0,0
0e92c320-bacc-11e8-b2b8-ac1f6b6435d0,0 24
0e968710-bad8-11e8-b2b9-ac1f6b6435d0,0 16 25
0e971576-baca-11e8-b2b8-ac1f6b6435d0,0 25
0e98815e-bad9-11e8-b2b9-ac1f6b6435d0,2
0ea4eaf6-bada-11e8-b2b9-ac1f6b6435d0,7
0ea5fad2-bacf-11e8-b2b8-ac1f6b6435d0,5 25
0ea60f06-bacd-11e8-b2b8-ac1f6b6435d0,0 5 25
0ea89ac4-badb-11e8-b2b9-ac1f6b6435d0,21 22
0eb2c55a-baca-11e8-b2b8-ac1f6b6435d0,0 14 16 17
0eb4dd50-bac9-11e8-b2b8-ac1f6b6435d0,0 21 22 25
0eb8295c-bacd-11e8-b2b8-ac1f6b6435d0,0 2 21 25
0eb8d764-bacb-11e8-b2b8-ac1f6b6435d0,0 7
0ebcc628-bad3-11e8-b2b8-ac1f6b6435d0,0 5 25
0ec2bc9c-badb-11e8-b2b9-ac1f6b6435d0,7 19
0ec3a316-bacf-11e8-b2b8-ac1f6b6435d0,0 1
0ec44cca-bad0-11e8-b2b8-ac1f6b6435d0,0 21
0ecbedbe-bad9-11e8-b2b9-ac1f6b6435d0,19 26
0ed355f0-bad3-11e8-b2b8-ac1f6b6435d0,18 19
0ed4670a-bad9-11e8-b2b9-ac1f6b6435d0,23 25
0ee1f526-bacc-11e8-b2b8-ac1f6b6435d0,1 25
0ee3dcd2-bad2-11e8-b2b8-ac1f6b6435d0,0 14
0ee6a166-bac7-11e8-b2b7-ac1f6b6435d0,13 22
0ee9c6c4-bacd-11e8-b2b8-ac1f6b6435d0,0 21 25
0eea68d4-bad4-11e8-b2b8-ac1f6b6435d0,0 4 25
0eed8da2-bacf-11e8-b2b8-ac1f6b6435d0,0 22
0eef13d4-bacf-11e8-b2b8-ac1f6b6435d0,0
0f08e72e-bad3-11e8-b2b8-ac1f6b6435d0,0 23 25
0f0ccc64-bad7-11e8-b2b9-ac1f6b6435d0,0 16 25
0f163ec6-bacc-11e8-b2b8-ac1f6b6435d0,0 25
0f1b1390-bac9-11e8-b2b8-ac1f6b6435d0,23 25
0f252828-badb-11e8-b2b9-ac1f6b6435d0,0 21 22
0f2f0b82-bada-11e8-b2b9-ac1f6b6435d0,4
0f3274c0-bada-11e8-b2b9-ac1f6b6435d0,13
0f407516-bad5-11e8-b2b8-ac1f6b6435d0,0 21 25
0f46d508-bacd-11e8-b2b8-ac1f6b6435d0,11
0f47506c-bad4-11e8-b2b8-ac1f6b6435d0,0 12 21
0f56cdec-bacc-11e8-b2b8-ac1f6b6435d0,0 1 25
0f659bba-bacc-11e8-b2b8-ac1f6b6435d0,0 5 14 25
0f8a7142-bacc-11e8-b2b8-ac1f6b6435d0,5
0f8cef6c-badb-11e8-b2b9-ac1f6b6435d0,0
0f92e1bc-bad4-11e8-b2b8-ac1f6b6435d0,23
0f98af7c-bacd-11e8-b2b8-ac1f6b6435d0,14
0fa7ce90-bad1-11e8-b2b8-ac1f6b6435d0,0 2 25
0fa8c6d6-bad8-11e8-b2b9-ac1f6b6435d0,5 25
0fa953d8-bac6-11e8-b2b7-ac1f6b6435d0,11
0fad8574-bad1-11e8-b2b8-ac1f6b6435d0,0 7
0fb360fc-bac7-11e8-b2b7-ac1f6b6435d0,0
0fc274e0-bad9-11e8-b2b9-ac1f6b6435d0,3
0fc2dca4-bad0-11e8-b2b8-ac1f6b6435d0,0 21 25
0fc3ea24-bace-11e8-b2b8-ac1f6b6435d0,0 25
0fc47d82-bad2-11e8-b2b8-ac1f6b6435d0,17 25
0fd56f8a-bad1-11e8-b2b8-ac1f6b6435d0,1 25
0fd659de-bad3-11e8-b2b8-ac1f6b6435d0,0 18 25
0fdb4f58-bac8-11e8-b2b7-ac1f6b6435d0,0 21 25
0fdd21a4-bada-11e8-b2b9-ac1f6b6435d0,0 12
0fdd6c80-bad1-11e8-b2b8-ac1f6b6435d0,0 2
0fde122c-baca-11e8-b2b8-ac1f6b6435d0,0 2 5
0fdeced2-bada-11e8-b2b9-ac1f6b6435d0,0 21 25
0fdfc508-bad0-11e8-b2b8-ac1f6b6435d0,0 18 25
0fe3d876-bac8-11e8-b2b7-ac1f6b6435d0,21
0fed029c-bad3-11e8-b2b8-ac1f6b6435d0,25
0fedb55c-bace-11e8-b2b8-ac1f6b6435d0,0 7 25
0fedf3e6-bace-11e8-b2b8-ac1f6b6435d0,19
1006e052-bac6-11e8-b2b7-ac1f6b6435d0,0 2
101c8c42-bad3-11e8-b2b8-ac1f6b6435d0,0 2 25
1021a5ac-bad2-11e8-b2b8-ac1f6b6435d0,0
1023aef8-bacb-11e8-b2b8-ac1f6b6435d0,0 2
10284106-bad1-11e8-b2b8-ac1f6b6435d0,0 24
102bf05e-bad5-11e8-b2b8-ac1f6b6435d0,0 25
10336690-bada-11e8-b2b9-ac1f6b6435d0,0 22 25
10336a24-bad4-11e8-b2b8-ac1f6b6435d0,0 5
10341ab0-bad3-11e8-b2b8-ac1f6b6435d0,0 21
104a7ff4-bad2-11e8-b2b8-ac1f6b6435d0,0 2 7
104b6f84-baca-11e8-b2b8-ac1f6b6435d0,0 1 2
10582ba6-bac6-11e8-b2b7-ac1f6b6435d0,0 19
105e1c02-bace-11e8-b2b8-ac1f6b6435d0,0 25
106a4a5e-bac9-11e8-b2b8-ac1f6b6435d0,0 25
1070cb06-bacc-11e8-b2b8-ac1f6b6435d0,23
10748996-baca-11e8-b2b8-ac1f6b6435d0,8
107d6830-bac6-11e8-b2b7-ac1f6b6435d0,0 19 21 25
10899f48-baca-11e8-b2b8-ac1f6b6435d0,0 25
108febc4-bad8-11e8-b2b9-ac1f6b6435d0,25 26
108ff1d4-badb-11e8-b2b9-ac1f6b6435d0,21
1090273c-bad9-11e8-b2b9-ac1f6b6435d0,18 21 24 25
1092c3a8-bace-11e8-b2b8-ac1f6b6435d0,0 13
10934652-bac9-11e8-b2b8-ac1f6b6435d0,0 25
109d79f2-bad7-11e8-b2b9-ac1f6b6435d0,16 17 18 25
10b2275c-bad3-11e8-b2b8-ac1f6b6435d0,0 21 25
10b24e5e-bad2-11e8-b2b8-ac1f6b6435d0,0
10b3ba0e-bac9-11e8-b2b8-ac1f6b6435d0,2 23
10b52ad0-bacc-11e8-b2b8-ac1f6b6435d0,0 2 21
10b806c6-bacf-11e8-b2b8-ac1f6b6435d0,0
10b9c0d8-bad4-11e8-b2b8-ac1f6b6435d0,25
10bc5dbe-bac7-11e8-b2b7-ac1f6b6435d0,0 5
10c4507e-bad0-11e8-b2b8-ac1f6b6435d0,25
10cceb10-bac8-11e8-b2b7-ac1f6b6435d0,0 1 25
10d4730a-bada-11e8-b2b9-ac1f6b6435d0,0 25 26
10d783b6-bad9-11e8-b2b9-ac1f6b6435d0,23 25
10d8366e-bad2-11e8-b2b8-ac1f6b6435d0,0 25
10da6f60-bac8-11e8-b2b7-ac1f6b6435d0,0 25
10db4f6a-bad8-11e8-b2b9-ac1f6b6435d0,0 2 21 25
10e26b66-bad2-11e8-b2b8-ac1f6b6435d0,0 14 25
10e3343e-bacc-11e8-b2b8-ac1f6b6435d0,5 7
10e592a2-bac6-11e8-b2b7-ac1f6b6435d0,16 21
10e79bdc-bac7-11e8-b2b7-ac1f6b6435d0,0 7 21 25
10f2f520-bad3-11e8-b2b8-ac1f6b6435d0,0 18 19 21 25
10fc8bee-bad8-11e8-b2b9-ac1f6b6435d0,0 7
11001956-bad5-11e8-b2b8-ac1f6b6435d0,7
11035548-bad6-11e8-b2b9-ac1f6b6435d0,0 7
1107ec56-bad7-11e8-b2b9-ac1f6b6435d0,21
11091258-bac7-11e8-b2b7-ac1f6b6435d0,23
110f4112-bac9-11e8-b2b8-ac1f6b6435d0,0 5 25
11107ebc-bac7-11e8-b2b7-ac1f6b6435d0,0 25
111b5b0a-bad3-11e8-b2b8-ac1f6b6435d0,0 1
111f3934-bad6-11e8-b2b9-ac1f6b6435d0,0 14 25
11263e1c-bad3-11e8-b2b8-ac1f6b6435d0,
1129ff00-bad0-11e8-b2b8-ac1f6b6435d0,0 2 16
112a7cf4-badb-11e8-b2b9-ac1f6b6435d0,21 25
11324e1c-bad0-11e8-b2b8-ac1f6b6435d0,0
11414562-bad4-11e8-b2b8-ac1f6b6435d0,11 23
1141d656-badb-11e8-b2b9-ac1f6b6435d0,14 17 25
1144d38e-bacb-11e8-b2b8-ac1f6b6435d0,0 16 21
1147e2ec-bad8-11e8-b2b9-ac1f6b6435d0,14 16 17 25
1152a850-badb-11e8-b2b9-ac1f6b6435d0,0 14 25
1152b166-bac6-11e8-b2b7-ac1f6b6435d0,0 18 25
11540926-bac6-11e8-b2b7-ac1f6b6435d0,23
1160937a-bad6-11e8-b2b9-ac1f6b6435d0,5
1160daa6-bad6-11e8-b2b9-ac1f6b6435d0,2 7 25
116550f4-bac7-11e8-b2b7-ac1f6b6435d0,7 23
1169268e-badb-11e8-b2b9-ac1f6b6435d0,0
11693760-bada-11e8-b2b9-ac1f6b6435d0,0 4
11696932-bad6-11e8-b2b9-ac1f6b6435d0,0 26
116def1c-bacb-11e8-b2b8-ac1f6b6435d0,0 25
1170f9b4-bad5-11e8-b2b8-ac1f6b6435d0,0 25
11723a94-bac7-11e8-b2b7-ac1f6b6435d0,25
1179dcca-bad3-11e8-b2b8-ac1f6b6435d0,0 25
117b147a-bad6-11e8-b2b9-ac1f6b6435d0,21 25
1180ea70-bacd-11e8-b2b8-ac1f6b6435d0,0 2 25
11824f32-bac8-11e8-b2b7-ac1f6b6435d0,0 25
1189c246-bada-11e8-b2b9-ac1f6b6435d0,0 12
118a617c-bad7-11e8-b2b9-ac1f6b6435d0,0 4
118f2b5a-bad5-11e8-b2b8-ac1f6b6435d0,0 5 25
118fc0da-bace-11e8-b2b8-ac1f6b6435d0,0 21 22
119daa00-baca-11e8-b2b8-ac1f6b6435d0,0 21
11a6d5ac-bada-11e8-b2b9-ac1f6b6435d0,23
11a91216-bad2-11e8-b2b8-ac1f6b6435d0,18 25
11adb07e-bac7-11e8-b2b7-ac1f6b6435d0,0 25
11b54366-bad6-11e8-b2b9-ac1f6b6435d0,0 19 23
11b88244-baca-11e8-b2b8-ac1f6b6435d0,0 2 23
11c403c4-bacc-11e8-b2b8-ac1f6b6435d0,11
11cafe06-baca-11e8-b2b8-ac1f6b6435d0,0 2
11cd082c-bad4-11e8-b2b8-ac1f6b6435d0,0 25
11ce8cc6-bad2-11e8-b2b8-ac1f6b6435d0,0 7
11d2bbcc-bada-11e8-b2b9-ac1f6b6435d0,5 7
11d49016-bac9-11e8-b2b8-ac1f6b6435d0,0
11d7d178-bad7-11e8-b2b9-ac1f6b6435d0,14 17 18
11db3e58-bad7-11e8-b2b9-ac1f6b6435d0,25
11de3d9c-bad7-11e8-b2b9-ac1f6b6435d0,0 25
11ed16ae-bac9-11e8-b2b8-ac1f6b6435d0,21 25
11f0a11e-bac6-11e8-b2b7-ac1f6b6435d0,0 13 14
11fbfaf2-bac9-11e8-b2b8-ac1f6b6435d0,0 25
11fffb44-bad2-11e8-b2b8-ac1f6b6435d0,0 25
1205ab90-bad5-11e8-b2b8-ac1f6b6435d0,0 21 25
12075f10-bacd-11e8-b2b8-ac1f6b6435d0,25
120be7fc-badb-11e8-b2b9-ac1f6b6435d0,17 25
121cb04c-bacb-11e8-b2b8-ac1f6b6435d0,25
121d702c-bacb-11e8-b2b8-ac1f6b6435d0,25
1223d3cc-bada-11e8-b2b9-ac1f6b6435d0,21 22
12258208-bad5-11e8-b2b8-ac1f6b6435d0,0 2 25
12288b30-bad8-11e8-b2b9-ac1f6b6435d0,21 25
122d4132-bad5-11e8-b2b8-ac1f6b6435d0,0 25
122e58c2-bad2-11e8-b2b8-ac1f6b6435d0,0 25
1232203e-bad1-11e8-b2b8-ac1f6b6435d0,0
1239a28c-bad1-11e8-b2b8-ac1f6b6435d0,0
124f4476-bad0-11e8-b2b8-ac1f6b6435d0,2
12513cbc-bacc-11e8-b2b8-ac1f6b6435d0,0 19
1259cb74-bac8-11e8-b2b7-ac1f6b6435d0,0 5
125b4fca-bad3-11e8-b2b8-ac1f6b6435d0,0 2 21 25
125b9d66-bad5-11e8-b2b8-ac1f6b6435d0,0 25
125d370c-bad0-11e8-b2b8-ac1f6b6435d0,0
126046e4-bac7-11e8-b2b7-ac1f6b6435d0,0
12647518-bad9-11e8-b2b9-ac1f6b6435d0,0 3
126ebf72-bacb-11e8-b2b8-ac1f6b6435d0,7
127121d8-bace-11e8-b2b8-ac1f6b6435d0,0 26
12726f98-bace-11e8-b2b8-ac1f6b6435d0,0 21 25
12763248-bad0-11e8-b2b8-ac1f6b6435d0,0 16 17 21 25
1276dc70-bacb-11e8-b2b8-ac1f6b6435d0,19 21
1276ee8a-bad1-11e8-b2b8-ac1f6b6435d0,0 21
12771030-bad7-11e8-b2b9-ac1f6b6435d0,0 23 25
1283c702-bad8-11e8-b2b9-ac1f6b6435d0,21 25
128d5f7a-bacd-11e8-b2b8-ac1f6b6435d0,16
128fbea2-bada-11e8-b2b9-ac1f6b6435d0,17 21 25
129ab8e0-bad8-11e8-b2b9-ac1f6b6435d0,0 25
129ea658-bac9-11e8-b2b8-ac1f6b6435d0,0 5
12a23546-bad0-11e8-b2b8-ac1f6b6435d0,6 13 22 25
12a4df1a-bad2-11e8-b2b8-ac1f6b6435d0,0 25
12adf620-bad4-11e8-b2b8-ac1f6b6435d0,
12b49256-bad3-11e8-b2b8-ac1f6b6435d0,0 18 19
12c0f890-bac7-11e8-b2b7-ac1f6b6435d0,12 21
12c4d310-bad7-11e8-b2b9-ac1f6b6435d0,0 25
12cb58ca-bac8-11e8-b2b7-ac1f6b6435d0,0
12cb7462-bad8-11e8-b2b9-ac1f6b6435d0,0 1
12cd54b4-bacc-11e8-b2b8-ac1f6b6435d0,25
12d96a92-badb-11e8-b2b9-ac1f6b6435d0,0 25
12dbc1ce-bac8-11e8-b2b7-ac1f6b6435d0,0 12
12de2b94-bac8-11e8-b2b7-ac1f6b6435d0,0 25
12dea42a-bacd-11e8-b2b8-ac1f6b6435d0,0 16 17
12dfa080-bad4-11e8-b2b8-ac1f6b6435d0,0 5 25
12e417c8-baca-11e8-b2b8-ac1f6b6435d0,11 21
12e7c0ec-bad6-11e8-b2b9-ac1f6b6435d0,0 5 22 25
12ec4702-bacc-11e8-b2b8-ac1f6b6435d0,0 2
12f0b164-bad3-11e8-b2b8-ac1f6b6435d0,0 5
12f72214-baca-11e8-b2b8-ac1f6b6435d0,11 25
12fcc920-bad0-11e8-b2b8-ac1f6b6435d0,0
12fdc9c8-bad6-11e8-b2b9-ac1f6b6435d0,0 25
12ff1d56-bad5-11e8-b2b8-ac1f6b6435d0,
13058ec6-bad9-11e8-b2b9-ac1f6b6435d0,23 25
1309b32e-bada-11e8-b2b9-ac1f6b6435d0,6 25
130bab38-bac7-11e8-b2b7-ac1f6b6435d0,0 25
13299a4a-bacb-11e8-b2b8-ac1f6b6435d0,0 21 25
1332a48e-bac9-11e8-b2b8-ac1f6b6435d0,23
1338f2fa-badb-11e8-b2b9-ac1f6b6435d0,0 25
134469c2-bad2-11e8-b2b8-ac1f6b6435d0,0 25
1344b25e-bad4-11e8-b2b8-ac1f6b6435d0,12
1349b1ce-bac9-11e8-b2b8-ac1f6b6435d0,0 23
134c07b0-bad5-11e8-b2b8-ac1f6b6435d0,0 23 25
134f42e4-bad1-11e8-b2b8-ac1f6b6435d0,0 7 25
1356afd8-bacd-11e8-b2b8-ac1f6b6435d0,26
135baa36-baca-11e8-b2b8-ac1f6b6435d0,0 21 25
1362c066-bacd-11e8-b2b8-ac1f6b6435d0,5
13689636-bad1-11e8-b2b8-ac1f6b6435d0,23
1369daaa-badb-11e8-b2b9-ac1f6b6435d0,0 21 22 25
1378e9dc-badb-11e8-b2b9-ac1f6b6435d0,0 2 7
13795ff2-bad6-11e8-b2b9-ac1f6b6435d0,0 7
137dd766-bad2-11e8-b2b8-ac1f6b6435d0,6
1384f420-badb-11e8-b2b9-ac1f6b6435d0,26
13894dba-bad9-11e8-b2b9-ac1f6b6435d0,0 2 25
13a7a9da-bad0-11e8-b2b8-ac1f6b6435d0,0 25
13a86dcc-bace-11e8-b2b8-ac1f6b6435d0,0 7
13aac516-bad0-11e8-b2b8-ac1f6b6435d0,21 25
13ab8d4e-bad9-11e8-b2b9-ac1f6b6435d0,0 22
13b23700-badb-11e8-b2b9-ac1f6b6435d0,23
13b4b06c-bacb-11e8-b2b8-ac1f6b6435d0,25
13b70c14-bad9-11e8-b2b9-ac1f6b6435d0,0 25
13b90518-bad5-11e8-b2b8-ac1f6b6435d0,4
13c42c52-bad2-11e8-b2b8-ac1f6b6435d0,0 25
13c789c0-bac7-11e8-b2b7-ac1f6b6435d0,0 5
13c87dfa-bad9-11e8-b2b9-ac1f6b6435d0,19 21 25
13c95958-bac7-11e8-b2b7-ac1f6b6435d0,0 3
13cc1012-bacc-11e8-b2b8-ac1f6b6435d0,0 25
13d6cc3a-bad8-11e8-b2b9-ac1f6b6435d0,0 25
13e2d52e-bad9-11e8-b2b9-ac1f6b6435d0,0
13e4f37a-bad6-11e8-b2b9-ac1f6b6435d0,26
13ed0392-bad3-11e8-b2b8-ac1f6b6435d0,0 7
13f43324-bac9-11e8-b2b8-ac1f6b6435d0,14
13fee2aa-bacf-11e8-b2b8-ac1f6b6435d0,21 25
1401b860-bad2-11e8-b2b8-ac1f6b6435d0,7
14076f70-bad8-11e8-b2b9-ac1f6b6435d0,0 2 25
1408ef40-bac8-11e8-b2b7-ac1f6b6435d0,0 7
1411f7dc-bacf-11e8-b2b8-ac1f6b6435d0,25
14122d80-bad7-11e8-b2b9-ac1f6b6435d0,0 25
14150b2e-bac6-11e8-b2b7-ac1f6b6435d0,7 25
141715fc-bad2-11e8-b2b8-ac1f6b6435d0,0 25
141b43c6-bacc-11e8-b2b8-ac1f6b6435d0,0 3
141d4244-bad5-11e8-b2b8-ac1f6b6435d0,0 21 23
141e6f0e-bac9-11e8-b2b8-ac1f6b6435d0,0 25
14285f2a-bad6-11e8-b2b9-ac1f6b6435d0,0 2 25
142b4b0a-bac6-11e8-b2b7-ac1f6b6435d0,0 25
14320aca-bad1-11e8-b2b8-ac1f6b6435d0,0 6 25
14368ede-bad0-11e8-b2b8-ac1f6b6435d0,19 25
1436f9de-bad8-11e8-b2b9-ac1f6b6435d0,4
1438737a-bad0-11e8-b2b8-ac1f6b6435d0,0 4
143c501e-bad3-11e8-b2b8-ac1f6b6435d0,21 25
143cdae6-bad5-11e8-b2b8-ac1f6b6435d0,14
1446e910-bad9-11e8-b2b9-ac1f6b6435d0,0 21
1449735c-bac9-11e8-b2b8-ac1f6b6435d0,0 3 25
1449c81c-bad7-11e8-b2b9-ac1f6b6435d0,19
1449fe50-bac7-11e8-b2b7-ac1f6b6435d0,7 21 23
144afe58-bad7-11e8-b2b9-ac1f6b6435d0,0 25
144b988e-bad4-11e8-b2b8-ac1f6b6435d0,0 21 25
145057b0-bac6-11e8-b2b7-ac1f6b6435d0,0 21 22
1452de06-bace-11e8-b2b8-ac1f6b6435d0,21
1458688a-bace-11e8-b2b8-ac1f6b6435d0,1 21 25
1469c344-bacb-11e8-b2b8-ac1f6b6435d0,25
146c4d60-bad7-11e8-b2b9-ac1f6b6435d0,0 2 3
147c649c-bac9-11e8-b2b8-ac1f6b6435d0,7
1481bf92-bac8-11e8-b2b7-ac1f6b6435d0,0 1 25
149004c2-bad1-11e8-b2b8-ac1f6b6435d0,3 25
14908a38-bac6-11e8-b2b7-ac1f6b6435d0,2
1493da5c-bac7-11e8-b2b7-ac1f6b6435d0,0 25
149509f0-bacb-11e8-b2b8-ac1f6b6435d0,14
14a72180-bad0-11e8-b2b8-ac1f6b6435d0,0
14bbcc5a-bac8-11e8-b2b7-ac1f6b6435d0,0 25
14c87166-bac9-11e8-b2b8-ac1f6b6435d0,4 25
14d09040-bad2-11e8-b2b8-ac1f6b6435d0,21
14d59d34-bacc-11e8-b2b8-ac1f6b6435d0,0 25
14f047a4-bad8-11e8-b2b9-ac1f6b6435d0,0 19 25
14f2452c-bac9-11e8-b2b8-ac1f6b6435d0,0 2
14f56824-bad3-11e8-b2b8-ac1f6b6435d0,0 18 25
14f5dc14-bad8-11e8-b2b9-ac1f6b6435d0,0 11
14fd2e2c-bac6-11e8-b2b7-ac1f6b6435d0,25
15071e54-bad1-11e8-b2b8-ac1f6b6435d0,0 7 19
150cd0e8-bad0-11e8-b2b8-ac1f6b6435d0,0 12
151b1ece-bad4-11e8-b2b8-ac1f6b6435d0,7
15275326-bac8-11e8-b2b7-ac1f6b6435d0,0 23
152ad3c6-bacc-11e8-b2b8-ac1f6b6435d0,0 25
152bda42-bad5-11e8-b2b8-ac1f6b6435d0,0 7
153146de-bac7-11e8-b2b7-ac1f6b6435d0,7
1531b2d2-bac6-11e8-b2b7-ac1f6b6435d0,21 25
15337804-bad2-11e8-b2b8-ac1f6b6435d0,0 21 25
153e5fcc-badb-11e8-b2b9-ac1f6b6435d0,0 4 25
1545fe46-baca-11e8-b2b8-ac1f6b6435d0,0
15489f92-bad5-11e8-b2b8-ac1f6b6435d0,0 22
1550aabe-bad7-11e8-b2b9-ac1f6b6435d0,0
1551aaec-bac6-11e8-b2b7-ac1f6b6435d0,0 2
155a49dc-bacf-11e8-b2b8-ac1f6b6435d0,0 25
15619fc4-bacb-11e8-b2b8-ac1f6b6435d0,0 25
15660848-bada-11e8-b2b9-ac1f6b6435d0,0 21 25
15937fb0-bad7-11e8-b2b9-ac1f6b6435d0,11
159aabfe-bad3-11e8-b2b8-ac1f6b6435d0,0 7 14
159cacaa-bad9-11e8-b2b9-ac1f6b6435d0,0 25
15a3322a-bac8-11e8-b2b7-ac1f6b6435d0,0 3
15a4def0-bacc-11e8-b2b8-ac1f6b6435d0,0 5 21 25
15a59458-bad1-11e8-b2b8-ac1f6b6435d0,0 3
15ac20f0-bad8-11e8-b2b9-ac1f6b6435d0,0 2 3
15ada028-bad4-11e8-b2b8-ac1f6b6435d0,7 25
15c2d4b4-bad1-11e8-b2b8-ac1f6b6435d0,23 25
15cb66d0-bacf-11e8-b2b8-ac1f6b6435d0,5
15d046ae-bada-11e8-b2b9-ac1f6b6435d0,0 25
15d0a716-bacb-11e8-b2b8-ac1f6b6435d0,0 2 16
15d433e8-bacd-11e8-b2b8-ac1f6b6435d0,0 1
15d6dcf4-bad4-11e8-b2b8-ac1f6b6435d0,0 2
15db463e-bad1-11e8-b2b8-ac1f6b6435d0,0 2
15de6908-bad7-11e8-b2b9-ac1f6b6435d0,0 5 25
15ded49e-bac6-11e8-b2b7-ac1f6b6435d0,0 25
15eb4570-bad1-11e8-b2b8-ac1f6b6435d0,0 21 25
15ec9272-bad6-11e8-b2b9-ac1f6b6435d0,0 2
15ef0de8-bad8-11e8-b2b9-ac1f6b6435d0,0 23 25
15efe29e-bad4-11e8-b2b8-ac1f6b6435d0,26
15f36bd4-bad0-11e8-b2b8-ac1f6b6435d0,0 4 25
15f4f4d0-bacc-11e8-b2b8-ac1f6b6435d0,0 4
15fcbaec-bac9-11e8-b2b8-ac1f6b6435d0,0 3
160744e6-bad6-11e8-b2b9-ac1f6b6435d0,0 5 21 25
160b2e18-bac6-11e8-b2b7-ac1f6b6435d0,5 7
160f309c-bad2-11e8-b2b8-ac1f6b6435d0,0 2
1617502c-bad9-11e8-b2b9-ac1f6b6435d0,1
16261b22-bad7-11e8-b2b9-ac1f6b6435d0,4
1627a66c-bace-11e8-b2b8-ac1f6b6435d0,0 21
163b97e0-bac8-11e8-b2b7-ac1f6b6435d0,0 2 19
1654c36c-bacf-11e8-b2b8-ac1f6b6435d0,0
1654dd4e-bace-11e8-b2b8-ac1f6b6435d0,0 2
165bb16c-bacb-11e8-b2b8-ac1f6b6435d0,23
16623d42-badb-11e8-b2b9-ac1f6b6435d0,0
1667e6cc-bacf-11e8-b2b8-ac1f6b6435d0,0 5 25
166fa4ce-bada-11e8-b2b9-ac1f6b6435d0,0 21 25
16711142-bad5-11e8-b2b8-ac1f6b6435d0,1
1673247c-badb-11e8-b2b9-ac1f6b6435d0,0 7 23
1674251a-bac8-11e8-b2b7-ac1f6b6435d0,7 23 25
16772bbe-bad9-11e8-b2b9-ac1f6b6435d0,19 25
168020da-bad8-11e8-b2b9-ac1f6b6435d0,7 25
1681a8f2-bad2-11e8-b2b8-ac1f6b6435d0,0 5 7 25
1684f9cc-bad6-11e8-b2b9-ac1f6b6435d0,0 5 21 25
16864798-bad4-11e8-b2b8-ac1f6b6435d0,0 12
1686a726-bad7-11e8-b2b9-ac1f6b6435d0,0 25
16884eb2-baca-11e8-b2b8-ac1f6b6435d0,0 2 25
168d9718-bacb-11e8-b2b8-ac1f6b6435d0,0 21
168ee744-bac6-11e8-b2b7-ac1f6b6435d0,7 21 25
168f3ba8-bad1-11e8-b2b8-ac1f6b6435d0,13 25
1690b9c0-bacb-11e8-b2b8-ac1f6b6435d0,3 25
16966be0-bada-11e8-b2b9-ac1f6b6435d0,0 16 17 25
16975c78-bad3-11e8-b2b8-ac1f6b6435d0,0 25
169947fc-bada-11e8-b2b9-ac1f6b6435d0,7 23
1699aa48-bac7-11e8-b2b7-ac1f6b6435d0,0
16a2254a-bace-11e8-b2b8-ac1f6b6435d0,25
16a6bd84-bacf-11e8-b2b8-ac1f6b6435d0,21
16ad4fa2-bad7-11e8-b2b9-ac1f6b6435d0,0 5
16b5e4b6-bad5-11e8-b2b8-ac1f6b6435d0,25
16b639c4-bad6-11e8-b2b9-ac1f6b6435d0,0 5 25
16b813e8-bac7-11e8-b2b7-ac1f6b6435d0,25
16ba5f70-bad8-11e8-b2b9-ac1f6b6435d0,0 19
16bf18c8-bad1-11e8-b2b8-ac1f6b6435d0,0 1
16bff9fa-badb-11e8-b2b9-ac1f6b6435d0,0 1 19
16c882a2-bacf-11e8-b2b8-ac1f6b6435d0,0 17 25
16ca729c-bad9-11e8-b2b9-ac1f6b6435d0,0 2
16ce1310-bacb-11e8-b2b8-ac1f6b6435d0,0 25
16ce726e-bad6-11e8-b2b9-ac1f6b6435d0,7
16d033a8-bacf-11e8-b2b8-ac1f6b6435d0,0 3
16da295e-bad3-11e8-b2b8-ac1f6b6435d0,0 21 25
16dbb312-bada-11e8-b2b9-ac1f6b6435d0,0 25
16e56254-bada-11e8-b2b9-ac1f6b6435d0,0 5 25
16f06338-bacc-11e8-b2b8-ac1f6b6435d0,0 1
16f1a100-bacf-11e8-b2b8-ac1f6b6435d0,2 18 19
16f2542a-bac9-11e8-b2b8-ac1f6b6435d0,0 5
16f9a328-bad9-11e8-b2b9-ac1f6b6435d0,2 23 25
17008312-bac7-11e8-b2b7-ac1f6b6435d0,1 25
17069240-bacf-11e8-b2b8-ac1f6b6435d0,4
17070730-bad8-11e8-b2b9-ac1f6b6435d0,11
170bef3c-bada-11e8-b2b9-ac1f6b6435d0,0 2 25
170c6872-bac6-11e8-b2b7-ac1f6b6435d0,0 25
1718d692-bad6-11e8-b2b9-ac1f6b6435d0,0 25
1718f8ee-bad5-11e8-b2b8-ac1f6b6435d0,6
1719a042-bad9-11e8-b2b9-ac1f6b6435d0,2 7 21 25
1720d0bc-bad2-11e8-b2b8-ac1f6b6435d0,0 2
172223f8-bad3-11e8-b2b8-ac1f6b6435d0,7 17 25
17293712-bad1-11e8-b2b8-ac1f6b6435d0,0 25
173249b8-bad8-11e8-b2b9-ac1f6b6435d0,0 21 22
1733ce02-bad6-11e8-b2b9-ac1f6b6435d0,4
173d945a-bacc-11e8-b2b8-ac1f6b6435d0,0 12
17417fc4-bac8-11e8-b2b7-ac1f6b6435d0,21 23 25
17445da0-baca-11e8-b2b8-ac1f6b6435d0,0 7
175136e0-bac7-11e8-b2b7-ac1f6b6435d0,0 25
17518b68-bad6-11e8-b2b9-ac1f6b6435d0,5 17 25
17531042-bad0-11e8-b2b8-ac1f6b6435d0,23
175c166a-bad0-11e8-b2b8-ac1f6b6435d0,4
175ea5c8-badb-11e8-b2b9-ac1f6b6435d0,11
17683650-bacd-11e8-b2b8-ac1f6b6435d0,2 23
176a1710-bacb-11e8-b2b8-ac1f6b6435d0,13 21 25
176ab0dc-bad8-11e8-b2b9-ac1f6b6435d0,0 2 5 25
1775680a-bad9-11e8-b2b9-ac1f6b6435d0,0 25
1784d06c-bac8-11e8-b2b7-ac1f6b6435d0,3
178b2d46-bad1-11e8-b2b8-ac1f6b6435d0,17 25
17933fa0-bac6-11e8-b2b7-ac1f6b6435d0,21 25
179731c6-bad2-11e8-b2b8-ac1f6b6435d0,0 3
179c7572-bad3-11e8-b2b8-ac1f6b6435d0,25
17a40094-bad3-11e8-b2b8-ac1f6b6435d0,0 7 25
17a64a34-bad8-11e8-b2b9-ac1f6b6435d0,0 21 25
17b20f46-bac8-11e8-b2b7-ac1f6b6435d0,0 20 26
17b2bc26-bad1-11e8-b2b8-ac1f6b6435d0,0
17bac188-bada-11e8-b2b9-ac1f6b6435d0,0 25
17bae64a-bacb-11e8-b2b8-ac1f6b6435d0,0 23
17bafd4c-bacb-11e8-b2b8-ac1f6b6435d0,0 25
17bc98cc-badb-11e8-b2b9-ac1f6b6435d0,0 1 2 7
17c5d06c-bacd-11e8-b2b8-ac1f6b6435d0,0 23 25
17c9f1a2-bad6-11e8-b2b9-ac1f6b6435d0,0 25
17ce1ad8-bacd-11e8-b2b8-ac1f6b6435d0,7
17d0d978-bad0-11e8-b2b8-ac1f6b6435d0,0 25
17d8a71c-bacf-11e8-b2b8-ac1f6b6435d0,0 2 5
17ebcc5a-badb-11e8-b2b9-ac1f6b6435d0,19
17f9d06e-bace-11e8-b2b8-ac1f6b6435d0,0 13 21
17fbb598-bacc-11e8-b2b8-ac1f6b6435d0,4
17fccdd8-bacd-11e8-b2b8-ac1f6b6435d0,0 23
18034010-badb-11e8-b2b9-ac1f6b6435d0,0 23
18171856-bad6-11e8-b2b9-ac1f6b6435d0,23
181d71b4-bad2-11e8-b2b8-ac1f6b6435d0,0 2 25
1827284a-bac7-11e8-b2b7-ac1f6b6435d0,0 2 25
1830192e-bada-11e8-b2b9-ac1f6b6435d0,2 25
18452b34-bada-11e8-b2b9-ac1f6b6435d0,0 1
1845eb92-bad4-11e8-b2b8-ac1f6b6435d0,7
184a6ee8-bad8-11e8-b2b9-ac1f6b6435d0,0 23
184bcb98-baca-11e8-b2b8-ac1f6b6435d0,2 21 25
185117c6-bacd-11e8-b2b8-ac1f6b6435d0,0
185423a8-bac8-11e8-b2b7-ac1f6b6435d0,4 21 25
185515fc-badb-11e8-b2b9-ac1f6b6435d0,0 2 21 25
18573738-bacc-11e8-b2b8-ac1f6b6435d0,0 12
18586b64-bacf-11e8-b2b8-ac1f6b6435d0,0 8 25
1863568a-bad6-11e8-b2b9-ac1f6b6435d0,0 2 7
1864226a-bacf-11e8-b2b8-ac1f6b6435d0,0
18652bc8-bada-11e8-b2b9-ac1f6b6435d0,0 5 25
187313ae-bad1-11e8-b2b8-ac1f6b6435d0,4
187f2c7e-bad7-11e8-b2b9-ac1f6b6435d0,21 25
188178d4-bace-11e8-b2b8-ac1f6b6435d0,21 25
1881a092-baca-11e8-b2b8-ac1f6b6435d0,23 25
188e247e-bad0-11e8-b2b8-ac1f6b6435d0,18 25
18965db2-bace-11e8-b2b8-ac1f6b6435d0,2 21 25
18989e04-bad5-11e8-b2b8-ac1f6b6435d0,5
189ca562-bacb-11e8-b2b8-ac1f6b6435d0,0 7 25
18a69b78-bad3-11e8-b2b8-ac1f6b6435d0,0 3 5
18b46ed6-bacb-11e8-b2b8-ac1f6b6435d0,0 2 4 21 25
18b73924-bace-11e8-b2b8-ac1f6b6435d0,0 1
18ba7efc-bada-11e8-b2b9-ac1f6b6435d0,25
18c11440-bac8-11e8-b2b7-ac1f6b6435d0,0
18c20bec-bac9-11e8-b2b8-ac1f6b6435d0,0 7
18c9c32a-bad6-11e8-b2b9-ac1f6b6435d0,0 25
18cc1b16-bad6-11e8-b2b9-ac1f6b6435d0,0 2 25
18cc830e-bac6-11e8-b2b7-ac1f6b6435d0,0 7 25
18d295a6-bad9-11e8-b2b9-ac1f6b6435d0,20
18ddbd08-bad6-11e8-b2b9-ac1f6b6435d0,0 25
18e0ef08-bac9-11e8-b2b8-ac1f6b6435d0,25
18f3f76e-baca-11e8-b2b8-ac1f6b6435d0,0 25
18f6fc20-bad4-11e8-b2b8-ac1f6b6435d0,0 22
18f97958-badb-11e8-b2b9-ac1f6b6435d0,21
18fd4d6a-bace-11e8-b2b8-ac1f6b6435d0,21 25
190bb556-bad5-11e8-b2b8-ac1f6b6435d0,0 2 25
191ae58c-bac9-11e8-b2b8-ac1f6b6435d0,0 25 26
1929bb96-bacb-11e8-b2b8-ac1f6b6435d0,0 7
192be616-bac9-11e8-b2b8-ac1f6b6435d0,0 7
192be7de-bad2-11e8-b2b8-ac1f6b6435d0,0 22
19387316-bada-11e8-b2b9-ac1f6b6435d0,0 18 25
1938b6c4-baca-11e8-b2b8-ac1f6b6435d0,0
1942299c-bacb-11e8-b2b8-ac1f6b6435d0,0 1
1944f4fe-bacd-11e8-b2b8-ac1f6b6435d0,0 25
1948d1dc-bad2-11e8-b2b8-ac1f6b6435d0,0 25 26
194c35a8-bacc-11e8-b2b8-ac1f6b6435d0,7
194d912e-bacb-11e8-b2b8-ac1f6b6435d0,0
1952fc6a-bace-11e8-b2b8-ac1f6b6435d0,25
195a7294-bac7-11e8-b2b7-ac1f6b6435d0,0 2 21 25
195f44c2-bacc-11e8-b2b8-ac1f6b6435d0,0 23
196525c2-bacc-11e8-b2b8-ac1f6b6435d0,0 25
1966fc52-bacd-11e8-b2b8-ac1f6b6435d0,0 21
196ce9c6-baca-11e8-b2b8-ac1f6b6435d0,0 2
196cfb8c-bacf-11e8-b2b8-ac1f6b6435d0,21 25
19870456-bac9-11e8-b2b8-ac1f6b6435d0,0 23 25
1988f56c-bad9-11e8-b2b9-ac1f6b6435d0,0
1989fada-bad8-11e8-b2b9-ac1f6b6435d0,0 25
198a9380-bac6-11e8-b2b7-ac1f6b6435d0,25
198dd6ee-bada-11e8-b2b9-ac1f6b6435d0,21 25
198f460e-bacc-11e8-b2b8-ac1f6b6435d0,21
19a3657e-bac9-11e8-b2b8-ac1f6b6435d0,23
19a7143a-bad8-11e8-b2b9-ac1f6b6435d0,0 25
19ad1648-badb-11e8-b2b9-ac1f6b6435d0,0 5
19b358a8-bace-11e8-b2b8-ac1f6b6435d0,1
19bc4e2e-bad1-11e8-b2b8-ac1f6b6435d0,0 21 25
19be5af2-bad1-11e8-b2b8-ac1f6b6435d0,4 21 25
19c1ea3e-bad4-11e8-b2b8-ac1f6b6435d0,16 17 25
19c6853a-bad4-11e8-b2b8-ac1f6b6435d0,0 17 25
19c74bc6-bad1-11e8-b2b8-ac1f6b6435d0,2 25
19c907d8-baca-11e8-b2b8-ac1f6b6435d0,7
19cc91d0-bacc-11e8-b2b8-ac1f6b6435d0,0 25
19d0f0dc-bac6-11e8-b2b7-ac1f6b6435d0,0 2 12
19d42d4a-bad2-11e8-b2b8-ac1f6b6435d0,25
19f6efc4-bac8-11e8-b2b7-ac1f6b6435d0,0
1a035378-bacc-11e8-b2b8-ac1f6b6435d0,5
1a15e75a-bad5-11e8-b2b8-ac1f6b6435d0,0 14 16
1a170252-bac6-11e8-b2b7-ac1f6b6435d0,25 26
1a17cb7a-bad4-11e8-b2b8-ac1f6b6435d0,0 14 25
1a17db12-bacd-11e8-b2b8-ac1f6b6435d0,23
1a224658-bacb-11e8-b2b8-ac1f6b6435d0,3
1a284998-bacd-11e8-b2b8-ac1f6b6435d0,2 26
1a285634-baca-11e8-b2b8-ac1f6b6435d0,0 25
1a2ab8e8-bacf-11e8-b2b8-ac1f6b6435d0,7 23
1a325e78-bad3-11e8-b2b8-ac1f6b6435d0,5 12
1a34ef6a-bad5-11e8-b2b8-ac1f6b6435d0,0 3
1a3825bc-bacc-11e8-b2b8-ac1f6b6435d0,0 19
1a4567b4-bacb-11e8-b2b8-ac1f6b6435d0,5
1a458d60-bac7-11e8-b2b7-ac1f6b6435d0,0 19
1a581eaa-baca-11e8-b2b8-ac1f6b6435d0,0 5 15
1a59b53c-bacd-11e8-b2b8-ac1f6b6435d0,0 1 25
1a5df0fc-bacd-11e8-b2b8-ac1f6b6435d0,0
1a5e9456-bacf-11e8-b2b8-ac1f6b6435d0,0 12 25
1a631c52-bad8-11e8-b2b9-ac1f6b6435d0,0 21 22
1a6cdbd6-bad1-11e8-b2b8-ac1f6b6435d0,0 25
1a7847aa-bad6-11e8-b2b9-ac1f6b6435d0,0 2 25
1a793e1a-bad8-11e8-b2b9-ac1f6b6435d0,0 25
1a7a85e4-bad4-11e8-b2b8-ac1f6b6435d0,0 17 25
1a7b2b0e-bad7-11e8-b2b9-ac1f6b6435d0,0 2
1a7d2e1a-bada-11e8-b2b9-ac1f6b6435d0,0 25
1a806d68-bac7-11e8-b2b7-ac1f6b6435d0,4
1a8297a6-bad5-11e8-b2b8-ac1f6b6435d0,21 25
1a8bda40-bad6-11e8-b2b9-ac1f6b6435d0,0 7
1a8fefba-bad4-11e8-b2b8-ac1f6b6435d0,21 22
1aa7a3d2-bacd-11e8-b2b8-ac1f6b6435d0,1 25
1aafdb5a-bace-11e8-b2b8-ac1f6b6435d0,0 25
1ab1f79c-bac8-11e8-b2b7-ac1f6b6435d0,25
1ab63fb6-bacb-11e8-b2b8-ac1f6b6435d0,5
1abbcf8c-bac9-11e8-b2b8-ac1f6b6435d0,0 25
1ac03baa-bad1-11e8-b2b8-ac1f6b6435d0,14
1ac17594-bad9-11e8-b2b9-ac1f6b6435d0,0 18 19 25
1ac299c2-bad1-11e8-b2b8-ac1f6b6435d0,5 24 25
1ace9eba-bacd-11e8-b2b8-ac1f6b6435d0,2
1ad1128c-bac6-11e8-b2b7-ac1f6b6435d0,0 21 25
1ad3b8b8-bac9-11e8-b2b8-ac1f6b6435d0,0 25
1ae13bc6-bacb-11e8-b2b8-ac1f6b6435d0,0 13 22 23
1ae5ef4c-bace-11e8-b2b8-ac1f6b6435d0,19
1aed6086-bad0-11e8-b2b8-ac1f6b6435d0,14 21
1aed6b78-bad3-11e8-b2b8-ac1f6b6435d0,0 25
1aef1f50-bacd-11e8-b2b8-ac1f6b6435d0,11 24
1aef643a-bada-11e8-b2b9-ac1f6b6435d0,0 25
1af4429e-baca-11e8-b2b8-ac1f6b6435d0,20
1af8ca74-bad6-11e8-b2b9-ac1f6b6435d0,0 3
1af9a29c-bad5-11e8-b2b8-ac1f6b6435d0,0 5
1b01a70e-bad9-11e8-b2b9-ac1f6b6435d0,2 25
1b072592-bac7-11e8-b2b7-ac1f6b6435d0,0 13 25
1b0cecf2-bad6-11e8-b2b9-ac1f6b6435d0,0 7 21 23
1b0dd6a2-bad7-11e8-b2b9-ac1f6b6435d0,0 2 25
1b166498-bacd-11e8-b2b8-ac1f6b6435d0,7
1b1c830a-bac8-11e8-b2b7-ac1f6b6435d0,0 1 25
1b225762-bad7-11e8-b2b9-ac1f6b6435d0,0 19
1b265a98-bac7-11e8-b2b7-ac1f6b6435d0,0 25
1b3039a4-bacd-11e8-b2b8-ac1f6b6435d0,0 5 19 21 25
1b3dd548-bad5-11e8-b2b8-ac1f6b6435d0,23
1b3e9c46-bac9-11e8-b2b8-ac1f6b6435d0,0 2 21 25
1b48fa96-bad9-11e8-b2b9-ac1f6b6435d0,17 18 25
1b4a904a-bad4-11e8-b2b8-ac1f6b6435d0,0 19 25
1b4c90da-bace-11e8-b2b8-ac1f6b6435d0,23
1b55a00a-bad6-11e8-b2b9-ac1f6b6435d0,0 16
1b586b1e-bad6-11e8-b2b9-ac1f6b6435d0,
1b65c3be-bad0-11e8-b2b8-ac1f6b6435d0,14
1b694598-bacb-11e8-b2b8-ac1f6b6435d0,0 16 17 25
1b802f10-bada-11e8-b2b9-ac1f6b6435d0,0 18 19 25
1b84e120-bad2-11e8-b2b8-ac1f6b6435d0,0
1b963392-bad9-11e8-b2b9-ac1f6b6435d0,0 25
1ba31254-bacc-11e8-b2b8-ac1f6b6435d0,0 25
1ba467b4-bad4-11e8-b2b8-ac1f6b6435d0,4 21 25
1ba86c66-bac9-11e8-b2b8-ac1f6b6435d0,0 21 25
1ba96cb0-bace-11e8-b2b8-ac1f6b6435d0,21 25
1bab8292-bacf-11e8-b2b8-ac1f6b6435d0,23
1bad8b2a-bad2-11e8-b2b8-ac1f6b6435d0,0 25
1bb0d9dc-bad3-11e8-b2b8-ac1f6b6435d0,0 2
1bb1edf0-bad2-11e8-b2b8-ac1f6b6435d0,0 23
1bb67ee0-bacf-11e8-b2b8-ac1f6b6435d0,0 7
1bb72d48-badb-11e8-b2b9-ac1f6b6435d0,0 21 25
1bbe56a8-bac8-11e8-b2b7-ac1f6b6435d0,0
1bbeb4ea-bac8-11e8-b2b7-ac1f6b6435d0,0 20 25
1bc0ca38-bad1-11e8-b2b8-ac1f6b6435d0,0 23
1bc10198-bad0-11e8-b2b8-ac1f6b6435d0,4
1bcde1d2-bac7-11e8-b2b7-ac1f6b6435d0,0
1be0fd78-bad9-11e8-b2b9-ac1f6b6435d0,0 25
1be530d4-bad7-11e8-b2b9-ac1f6b6435d0,0 1
1be6bdc6-bacf-11e8-b2b8-ac1f6b6435d0,0 12 21
1be86584-bac7-11e8-b2b7-ac1f6b6435d0,4
1beb0d46-bad3-11e8-b2b8-ac1f6b6435d0,0 4
1bf26c82-bac7-11e8-b2b7-ac1f6b6435d0,5
1bf27eac-bad6-11e8-b2b9-ac1f6b6435d0,0
1bf875be-bac7-11e8-b2b7-ac1f6b6435d0,0
1c0340f0-bace-11e8-b2b8-ac1f6b6435d0,7 21
1c03b182-bad0-11e8-b2b8-ac1f6b6435d0,0 2 25
1c05b5da-bac7-11e8-b2b7-ac1f6b6435d0,11
1c0d469e-bacf-11e8-b2b8-ac1f6b6435d0,5 19
1c0dbb7a-bace-11e8-b2b8-ac1f6b6435d0,5
1c0fc93a-bad1-11e8-b2b8-ac1f6b6435d0,0
1c1a2508-bacf-11e8-b2b8-ac1f6b6435d0,0 7
1c1d76b6-bad1-11e8-b2b8-ac1f6b6435d0,6 25
1c3138fe-badb-11e8-b2b9-ac1f6b6435d0,14 16 17
1c37c9a2-bad7-11e8-b2b9-ac1f6b6435d0,0 5
1c3ce0ea-bad7-11e8-b2b9-ac1f6b6435d0,0 19
1c48928a-baca-11e8-b2b8-ac1f6b6435d0,0 25
1c4a2ac8-bad9-11e8-b2b9-ac1f6b6435d0,3 6 11 25
1c5c0236-bac8-11e8-b2b7-ac1f6b6435d0,18
1c6fdf28-badb-11e8-b2b9-ac1f6b6435d0,7 21 23 25
1c733a2c-bad3-11e8-b2b8-ac1f6b6435d0,0
1c74ff14-bad4-11e8-b2b8-ac1f6b6435d0,0 2
1c750c80-bac9-11e8-b2b8-ac1f6b6435d0,4 25
1c770bb2-bad7-11e8-b2b9-ac1f6b6435d0,0 7 25
1c7ef3a8-bace-11e8-b2b8-ac1f6b6435d0,0 23 25
1c81eaa0-bac8-11e8-b2b7-ac1f6b6435d0,0 21
1c88cff4-bad8-11e8-b2b9-ac1f6b6435d0,0 21 25
1c8a178e-bac8-11e8-b2b7-ac1f6b6435d0,0 5 15
1c8e3d9a-bac9-11e8-b2b8-ac1f6b6435d0,0 1
1c9324fa-bad2-11e8-b2b8-ac1f6b6435d0,0 5
1c9ea82a-bacd-11e8-b2b8-ac1f6b6435d0,4
1c9eabfc-bad4-11e8-b2b8-ac1f6b6435d0,0
1c9fd09a-baca-11e8-b2b8-ac1f6b6435d0,0 25
1ca2f134-bad0-11e8-b2b8-ac1f6b6435d0,0 7
1ca8695a-bacd-11e8-b2b8-ac1f6b6435d0,0 21 25
1cab4b6c-bad6-11e8-b2b9-ac1f6b6435d0,0 25
1cad8b34-bacc-11e8-b2b8-ac1f6b6435d0,0 25 26
1ccc7510-bad8-11e8-b2b9-ac1f6b6435d0,0 25
1cd0afd8-badb-11e8-b2b9-ac1f6b6435d0,5
1cd5ba8a-bad3-11e8-b2b8-ac1f6b6435d0,0 2 11
1cdb50e2-bac6-11e8-b2b7-ac1f6b6435d0,5 25
1ce08ef6-bac9-11e8-b2b8-ac1f6b6435d0,18 19
1ce58570-bacc-11e8-b2b8-ac1f6b6435d0,0 21
1ce5d032-bace-11e8-b2b8-ac1f6b6435d0,0 25
1cec229a-bacc-11e8-b2b8-ac1f6b6435d0,21
1cf134e8-bad0-11e8-b2b8-ac1f6b6435d0,0 25
1cf386ea-bad9-11e8-b2b9-ac1f6b6435d0,25
1cf792d2-bad7-11e8-b2b9-ac1f6b6435d0,0 23
1cf7d2ee-bada-11e8-b2b9-ac1f6b6435d0,0 25
1d1129e0-bad2-11e8-b2b8-ac1f6b6435d0,0 22
1d136be0-baca-11e8-b2b8-ac1f6b6435d0,0 23
1d1e079c-badb-11e8-b2b9-ac1f6b6435d0,2
1d2ab92e-badb-11e8-b2b9-ac1f6b6435d0,0 13 22 25
1d2ed396-bad2-11e8-b2b8-ac1f6b6435d0,0
1d2ef3da-bad2-11e8-b2b8-ac1f6b6435d0,11 24
1d343e64-bad5-11e8-b2b8-ac1f6b6435d0,0 2 23
1d3ea824-bace-11e8-b2b8-ac1f6b6435d0,0
1d3f3376-bad7-11e8-b2b9-ac1f6b6435d0,0 21
1d4000a4-badb-11e8-b2b9-ac1f6b6435d0,19 25
1d406c20-bad0-11e8-b2b8-ac1f6b6435d0,11
1d537040-bac6-11e8-b2b7-ac1f6b6435d0,0 7 17 25
1d582630-bac6-11e8-b2b7-ac1f6b6435d0,25 26
1d58c3a6-bacb-11e8-b2b8-ac1f6b6435d0,0
1d5c1044-bad8-11e8-b2b9-ac1f6b6435d0,0 5 21 25
1d667874-badb-11e8-b2b9-ac1f6b6435d0,0 25
1d74cc96-bacf-11e8-b2b8-ac1f6b6435d0,14
1d7b4fa4-bace-11e8-b2b8-ac1f6b6435d0,0 19
1d7e1798-bad3-11e8-b2b8-ac1f6b6435d0,25 26
1d82201c-bad4-11e8-b2b8-ac1f6b6435d0,0 5
1d83c776-badb-11e8-b2b9-ac1f6b6435d0,0 7
1d854716-bad8-11e8-b2b9-ac1f6b6435d0,0 2
1d8eadb8-bad5-11e8-b2b8-ac1f6b6435d0,0 25
1d9b45cc-bad1-11e8-b2b8-ac1f6b6435d0,0 3 26
1d9cd2dc-bace-11e8-b2b8-ac1f6b6435d0,19
1d9e75b4-bacf-11e8-b2b8-ac1f6b6435d0,23
1da0e3ac-bac6-11e8-b2b7-ac1f6b6435d0,0 19 25
1da5f25a-bacd-11e8-b2b8-ac1f6b6435d0,0 7 23
1da907f2-badb-11e8-b2b9-ac1f6b6435d0,0
1da9e0f6-bada-11e8-b2b9-ac1f6b6435d0,4 7 25
1daa13ec-baca-11e8-b2b8-ac1f6b6435d0,0 25
1dbbf7ae-bad6-11e8-b2b9-ac1f6b6435d0,0 2 25
1dce75d4-bacf-11e8-b2b8-ac1f6b6435d0,0 2 23 25
1dd52540-bacb-11e8-b2b8-ac1f6b6435d0,25
1de12e54-bad4-11e8-b2b8-ac1f6b6435d0,0 25
1de4d232-bad1-11e8-b2b8-ac1f6b6435d0,0 2 25
1de7468a-bada-11e8-b2b9-ac1f6b6435d0,0 19
1debf354-bacd-11e8-b2b8-ac1f6b6435d0,0 26
1df295c8-bace-11e8-b2b8-ac1f6b6435d0,0 25
1e0d8b58-bac9-11e8-b2b8-ac1f6b6435d0,0 18 25
1e19dbb8-bad0-11e8-b2b8-ac1f6b6435d0,0 7
1e1f8e6c-bad7-11e8-b2b9-ac1f6b6435d0,0 25
1e240d04-bac6-11e8-b2b7-ac1f6b6435d0,0 2 5
1e28476c-bad9-11e8-b2b9-ac1f6b6435d0,0 18 19 25
1e2dfaaa-bac9-11e8-b2b8-ac1f6b6435d0,25
1e31b278-bac7-11e8-b2b7-ac1f6b6435d0,0 19
1e369a20-bad3-11e8-b2b8-ac1f6b6435d0,0
1e3a1e4a-bacc-11e8-b2b8-ac1f6b6435d0,0 14
1e3b1be8-bad5-11e8-b2b8-ac1f6b6435d0,0 21 25
1e4090cc-bacc-11e8-b2b8-ac1f6b6435d0,0 23 25
1e4572ca-bace-11e8-b2b8-ac1f6b6435d0,0 23
1e530c2e-bad7-11e8-b2b9-ac1f6b6435d0,0
1e5864aa-bac6-11e8-b2b7-ac1f6b6435d0,0 25
1e59a472-bad6-11e8-b2b9-ac1f6b6435d0,23
1e5c5552-baca-11e8-b2b8-ac1f6b6435d0,0 18 21 25
1e5e0348-bad9-11e8-b2b9-ac1f6b6435d0,0 1
1e661ad2-bad0-11e8-b2b8-ac1f6b6435d0,0 4 23
1e667a8a-bad6-11e8-b2b9-ac1f6b6435d0,0 21 25
1e675938-bac6-11e8-b2b7-ac1f6b6435d0,0 25
1e680f0e-bad0-11e8-b2b8-ac1f6b6435d0,0 1 5
1e6dc9de-bacc-11e8-b2b8-ac1f6b6435d0,4 21
1e79b61a-baca-11e8-b2b8-ac1f6b6435d0,0
1e828ed6-bac8-11e8-b2b7-ac1f6b6435d0,25
1e8418a6-bac7-11e8-b2b7-ac1f6b6435d0,0 25
1e896424-bacb-11e8-b2b8-ac1f6b6435d0,0 2
1e997096-bad3-11e8-b2b8-ac1f6b6435d0,0 5 25
1e99a500-bac6-11e8-b2b7-ac1f6b6435d0,0 7 25
1e9ae80c-bad5-11e8-b2b8-ac1f6b6435d0,6 25
1e9aea90-bad1-11e8-b2b8-ac1f6b6435d0,0 2
1e9f815c-bad3-11e8-b2b8-ac1f6b6435d0,0 25
1ea4c266-bad8-11e8-b2b9-ac1f6b6435d0,0 12 25
1ea6bf5a-bad6-11e8-b2b9-ac1f6b6435d0,6 25
1eb1bd74-bad1-11e8-b2b8-ac1f6b6435d0,0 2 6 25
1ebb230a-bad1-11e8-b2b8-ac1f6b6435d0,0 11
1ebc1ad0-bac7-11e8-b2b7-ac1f6b6435d0,0 5 25
1ebceeb0-bacc-11e8-b2b8-ac1f6b6435d0,0 2 25
1ebda1e2-bacd-11e8-b2b8-ac1f6b6435d0,21
1ebded06-bacc-11e8-b2b8-ac1f6b6435d0,0 25
1ec6a93a-bad8-11e8-b2b9-ac1f6b6435d0,0 1
1ecb1a9e-bad1-11e8-b2b8-ac1f6b6435d0,14 16 17
1ecec892-bacc-11e8-b2b8-ac1f6b6435d0,0 5 7 23
1ed7ee46-bada-11e8-b2b9-ac1f6b6435d0,0 25
1edc7b42-bad9-11e8-b2b9-ac1f6b6435d0,0
1edf8a92-badb-11e8-b2b9-ac1f6b6435d0,0 1 23
1eea11c4-badb-11e8-b2b9-ac1f6b6435d0,7 11
1ef31ce4-bad9-11e8-b2b9-ac1f6b6435d0,14
1ef327cc-bad2-11e8-b2b8-ac1f6b6435d0,0 7 25
1f036b82-bacd-11e8-b2b8-ac1f6b6435d0,19
1f0b9bd0-bace-11e8-b2b8-ac1f6b6435d0,0 2 5 25
1f0df270-bad0-11e8-b2b8-ac1f6b6435d0,0
1f1bb0b2-badb-11e8-b2b9-ac1f6b6435d0,0
1f1ed680-bad5-11e8-b2b8-ac1f6b6435d0,23
1f23ff84-bac6-11e8-b2b7-ac1f6b6435d0,0 11
1f2627aa-bad5-11e8-b2b8-ac1f6b6435d0,21 25
1f27d1b2-badb-11e8-b2b9-ac1f6b6435d0,0 3
1f2cc86c-bac6-11e8-b2b7-ac1f6b6435d0,0 25
1f350280-bad9-11e8-b2b9-ac1f6b6435d0,25
1f352824-bad3-11e8-b2b8-ac1f6b6435d0,23
1f3d9e4e-bad0-11e8-b2b8-ac1f6b6435d0,5 21 25
1f3edbce-bad5-11e8-b2b8-ac1f6b6435d0,7
1f520b68-bacb-11e8-b2b8-ac1f6b6435d0,0 25
1f538b56-bad9-11e8-b2b9-ac1f6b6435d0,0 2
1f5b458a-bad4-11e8-b2b8-ac1f6b6435d0,0 2 25
1f635d50-bad5-11e8-b2b8-ac1f6b6435d0,0 2 21 25
1f65bcc0-bacc-11e8-b2b8-ac1f6b6435d0,0 19 25
1f6ce3c2-bad3-11e8-b2b8-ac1f6b6435d0,5 25
1f71ce72-baca-11e8-b2b8-ac1f6b6435d0,0 21 25
1f784406-bad3-11e8-b2b8-ac1f6b6435d0,0 25
1f806e36-bad0-11e8-b2b8-ac1f6b6435d0,15
1f8193c0-baca-11e8-b2b8-ac1f6b6435d0,0 22 25
1f82a024-bac7-11e8-b2b7-ac1f6b6435d0,0 21 23
1f8693c4-bad0-11e8-b2b8-ac1f6b6435d0,0 21 25
1f8fa92c-bacc-11e8-b2b8-ac1f6b6435d0,3 23
1f91dbc2-bacf-11e8-b2b8-ac1f6b6435d0,5
1f95b5ce-bad6-11e8-b2b9-ac1f6b6435d0,24 26
1f97ea4a-bad3-11e8-b2b8-ac1f6b6435d0,0 16 25 26
1f97f6b8-bacc-11e8-b2b8-ac1f6b6435d0,25
1fa31e60-bad3-11e8-b2b8-ac1f6b6435d0,0 2
1fa93864-bad7-11e8-b2b9-ac1f6b6435d0,0 26
1fae93ba-bada-11e8-b2b9-ac1f6b6435d0,0
1fb5fad4-bad9-11e8-b2b9-ac1f6b6435d0,0 25
1fcf40c0-baca-11e8-b2b8-ac1f6b6435d0,0 25
1fd6ff86-bad9-11e8-b2b9-ac1f6b6435d0,19
1fdd0946-bac8-11e8-b2b7-ac1f6b6435d0,0
1fe68c10-bacc-11e8-b2b8-ac1f6b6435d0,0 19 25
1fea3eb0-bac6-11e8-b2b7-ac1f6b6435d0,0 5 15
1feb39ea-bac7-11e8-b2b7-ac1f6b6435d0,0 25
1ff22556-bad7-11e8-b2b9-ac1f6b6435d0,3
1fff4d2e-bad4-11e8-b2b8-ac1f6b6435d0,0 3
2002b1f0-bacd-11e8-b2b8-ac1f6b6435d0,0 25
20050004-bac8-11e8-b2b7-ac1f6b6435d0,0 2
2007f858-bac9-11e8-b2b8-ac1f6b6435d0,21 25
200ab9e0-bac8-11e8-b2b7-ac1f6b6435d0,0 21 25
200bd6c0-bad4-11e8-b2b8-ac1f6b6435d0,6
200ca4d6-badb-11e8-b2b9-ac1f6b6435d0,0 18 25
201229ac-bad0-11e8-b2b8-ac1f6b6435d0,0 2
2013a4e6-bac9-11e8-b2b8-ac1f6b6435d0,0 19
2015027a-bac7-11e8-b2b7-ac1f6b6435d0,12 25
202dcf8c-bacf-11e8-b2b8-ac1f6b6435d0,23
203522d6-bad0-11e8-b2b8-ac1f6b6435d0,21
2047d9fc-badb-11e8-b2b9-ac1f6b6435d0,0 23
20492a48-bad4-11e8-b2b8-ac1f6b6435d0,4 25
20541936-bace-11e8-b2b8-ac1f6b6435d0,0 25
205720e6-bad7-11e8-b2b9-ac1f6b6435d0,0 19 25
205a651c-bacd-11e8-b2b8-ac1f6b6435d0,0 19
20685368-bad5-11e8-b2b8-ac1f6b6435d0,0 23
206c9eec-baca-11e8-b2b8-ac1f6b6435d0,14
2073e920-bacc-11e8-b2b8-ac1f6b6435d0,0 5 18 25
207c899a-bacc-11e8-b2b8-ac1f6b6435d0,0 5
207ecbf4-bad8-11e8-b2b9-ac1f6b6435d0,0 3 23
20819832-bad5-11e8-b2b8-ac1f6b6435d0,0 22
2085fd4e-bad2-11e8-b2b8-ac1f6b6435d0,0 2
208a5ab2-bada-11e8-b2b9-ac1f6b6435d0,0 2 25
208c865a-bacd-11e8-b2b8-ac1f6b6435d0,0 1 25
20995150-bad2-11e8-b2b8-ac1f6b6435d0,0 25
209ac3f8-bad9-11e8-b2b9-ac1f6b6435d0,0 7
209de27c-baca-11e8-b2b8-ac1f6b6435d0,0 16
20a11150-bace-11e8-b2b8-ac1f6b6435d0,0 3
20a95732-bada-11e8-b2b9-ac1f6b6435d0,0 7 25
20a9db6e-bad3-11e8-b2b8-ac1f6b6435d0,23 25
20b24c4a-bac9-11e8-b2b8-ac1f6b6435d0,14 16 17 25
20b792ce-bac7-11e8-b2b7-ac1f6b6435d0,0
20bdac30-bad2-11e8-b2b8-ac1f6b6435d0,0 21 22
20be26fa-bac9-11e8-b2b8-ac1f6b6435d0,4
20c5bd24-bacf-11e8-b2b8-ac1f6b6435d0,0 25
20ca8038-bacb-11e8-b2b8-ac1f6b6435d0,14
20d0380a-bacd-11e8-b2b8-ac1f6b6435d0,0 7 25
20dc399e-badb-11e8-b2b9-ac1f6b6435d0,0 7
20e2bbf4-bad4-11e8-b2b8-ac1f6b6435d0,0 2 23
20e96daa-bacf-11e8-b2b8-ac1f6b6435d0,0 2
20e98dce-badb-11e8-b2b9-ac1f6b6435d0,0 2 19 25
20eae890-badb-11e8-b2b9-ac1f6b6435d0,3
20f7e0cc-bacc-11e8-b2b8-ac1f6b6435d0,21 24 25
20fdb7ae-bac7-11e8-b2b7-ac1f6b6435d0,0 12
2104d686-bad8-11e8-b2b9-ac1f6b6435d0,2
2105ef0e-bac8-11e8-b2b7-ac1f6b6435d0,4
2106dc8a-bac7-11e8-b2b7-ac1f6b6435d0,0 2
21087954-bad7-11e8-b2b9-ac1f6b6435d0,0 2
210ce520-bad7-11e8-b2b9-ac1f6b6435d0,
2113ffd8-bad0-11e8-b2b8-ac1f6b6435d0,0 23 25
21196f94-badb-11e8-b2b9-ac1f6b6435d0,0 2 25
2119893a-bac6-11e8-b2b7-ac1f6b6435d0,14
211ba71e-badb-11e8-b2b9-ac1f6b6435d0,0 25
211edfa4-bac9-11e8-b2b8-ac1f6b6435d0,21
2122dd18-bac7-11e8-b2b7-ac1f6b6435d0,19
2127cd60-bacb-11e8-b2b8-ac1f6b6435d0,21 25
212b6b6e-bada-11e8-b2b9-ac1f6b6435d0,
213102c8-bad9-11e8-b2b9-ac1f6b6435d0,0 5 7
2143b478-bace-11e8-b2b8-ac1f6b6435d0,0 25
214613b4-bac7-11e8-b2b7-ac1f6b6435d0,0 25
2149c06a-baca-11e8-b2b8-ac1f6b6435d0,23
214c685a-bacb-11e8-b2b8-ac1f6b6435d0,
214cd0cc-bacd-11e8-b2b8-ac1f6b6435d0,0 3
215ab068-bad0-11e8-b2b8-ac1f6b6435d0,7 25
215e7f66-bad2-11e8-b2b8-ac1f6b6435d0,0 2 25
216291d8-bad1-11e8-b2b8-ac1f6b6435d0,0 2
2165ff22-bad5-11e8-b2b8-ac1f6b6435d0,0 2
2168375a-bac7-11e8-b2b7-ac1f6b6435d0,0 5
2169fb90-bad0-11e8-b2b8-ac1f6b6435d0,2 25
216a23c4-bad8-11e8-b2b9-ac1f6b6435d0,0 23
216b3b44-bad1-11e8-b2b8-ac1f6b6435d0,3 7
216caad4-bac6-11e8-b2b7-ac1f6b6435d0,4 25
216e02ca-badb-11e8-b2b9-ac1f6b6435d0,3 25
21743ebe-bac8-11e8-b2b7-ac1f6b6435d0,0 2 11
217586d6-bacb-11e8-b2b8-ac1f6b6435d0,0 16
2179451c-bac8-11e8-b2b7-ac1f6b6435d0,0 21 25
217acd92-bac8-11e8-b2b7-ac1f6b6435d0,0 5
21808b96-bac9-11e8-b2b8-ac1f6b6435d0,1
2182bacc-bacb-11e8-b2b8-ac1f6b6435d0,21 25
218a5bbe-bad6-11e8-b2b9-ac1f6b6435d0,0
218b8372-bad1-11e8-b2b8-ac1f6b6435d0,23 25
21911fe0-bad5-11e8-b2b8-ac1f6b6435d0,0 7 12
2191567e-bad3-11e8-b2b8-ac1f6b6435d0,0 3
219aed3e-bacd-11e8-b2b8-ac1f6b6435d0,4
219cca62-baca-11e8-b2b8-ac1f6b6435d0,0 16
219e973a-bad8-11e8-b2b9-ac1f6b6435d0,25
219f34f6-bace-11e8-b2b8-ac1f6b6435d0,0 21 25
219f3fbe-bad8-11e8-b2b9-ac1f6b6435d0,0 4 21
21a5046c-bad8-11e8-b2b9-ac1f6b6435d0,0 2
21a5995a-bad7-11e8-b2b9-ac1f6b6435d0,21 23
21abfc34-bada-11e8-b2b9-ac1f6b6435d0,0 22
21b357a2-bad7-11e8-b2b9-ac1f6b6435d0,25
21c460c2-bad4-11e8-b2b8-ac1f6b6435d0,22
21cff970-bad7-11e8-b2b9-ac1f6b6435d0,25
21deb96a-bacd-11e8-b2b8-ac1f6b6435d0,0 2 25
21e75b08-bac6-11e8-b2b7-ac1f6b6435d0,13
21f48afe-bacf-11e8-b2b8-ac1f6b6435d0,0 25
22039a04-bace-11e8-b2b8-ac1f6b6435d0,0 25
22063eb6-bacf-11e8-b2b8-ac1f6b6435d0,11
220f42fc-bac7-11e8-b2b7-ac1f6b6435d0,0 25
221c7438-bacf-11e8-b2b8-ac1f6b6435d0,0
222a43a0-bad0-11e8-b2b8-ac1f6b6435d0,14 25
222b60c8-bad5-11e8-b2b8-ac1f6b6435d0,0 5 25
222d1ede-bad2-11e8-b2b8-ac1f6b6435d0,0 19 23 25
222dd8bc-bad5-11e8-b2b8-ac1f6b6435d0,0 5
22302ef6-bad9-11e8-b2b9-ac1f6b6435d0,0 25
223aa02e-bad0-11e8-b2b8-ac1f6b6435d0,13
2254d6ee-bac9-11e8-b2b8-ac1f6b6435d0,25
2256b5e2-bac7-11e8-b2b7-ac1f6b6435d0,0 21 25
225a1c04-bac8-11e8-b2b7-ac1f6b6435d0,0 25
225eeb42-bacf-11e8-b2b8-ac1f6b6435d0,0 21 25
2262c6ba-bac8-11e8-b2b7-ac1f6b6435d0,3
2263e0b8-bacd-11e8-b2b8-ac1f6b6435d0,0 2
22664190-bac9-11e8-b2b8-ac1f6b6435d0,11
22685d68-bac9-11e8-b2b8-ac1f6b6435d0,11
226c4722-bad1-11e8-b2b8-ac1f6b6435d0,0 1
2275da12-bac7-11e8-b2b7-ac1f6b6435d0,23
227aa418-bad9-11e8-b2b9-ac1f6b6435d0,0 6 25
227f6306-bad2-11e8-b2b8-ac1f6b6435d0,0 25
2280fd8c-bad3-11e8-b2b8-ac1f6b6435d0,0 25
2285a2a2-bad7-11e8-b2b9-ac1f6b6435d0,7 23
2288ac22-bacd-11e8-b2b8-ac1f6b6435d0,3
2298ed50-bac6-11e8-b2b7-ac1f6b6435d0,0 20
229f960a-bada-11e8-b2b9-ac1f6b6435d0,23
22a3dc20-bad4-11e8-b2b8-ac1f6b6435d0,0 2 19
22a542b2-bad5-11e8-b2b8-ac1f6b6435d0,25
22aee4c6-bad4-11e8-b2b8-ac1f6b6435d0,0 5
22b0eed8-baca-11e8-b2b8-ac1f6b6435d0,21 25
22b48912-bacf-11e8-b2b8-ac1f6b6435d0,2 14
22b63be2-bac8-11e8-b2b7-ac1f6b6435d0,0 7
22b6cb28-baca-11e8-b2b8-ac1f6b6435d0,0 25
22b88cee-bac8-11e8-b2b7-ac1f6b6435d0,0 25
22b9506c-bac7-11e8-b2b7-ac1f6b6435d0,7 25
22bd4e28-bad7-11e8-b2b9-ac1f6b6435d0,0 7 21 25
22c46b68-bad2-11e8-b2b8-ac1f6b6435d0,0 2 25
22c9913c-bac9-11e8-b2b8-ac1f6b6435d0,0
22cb6fa6-bad9-11e8-b2b9-ac1f6b6435d0,0 5 25
22d10362-bad4-11e8-b2b8-ac1f6b6435d0,25
22d1f3ce-bacc-11e8-b2b8-ac1f6b6435d0,0
22f19da2-bad4-11e8-b2b8-ac1f6b6435d0,0 26
22f2e700-bad6-11e8-b2b9-ac1f6b6435d0,0 19
22fbf88c-bad0-11e8-b2b8-ac1f6b6435d0,0 21
22fd2ee4-bad7-11e8-b2b9-ac1f6b6435d0,11
23108cb4-bacd-11e8-b2b8-ac1f6b6435d0,0 21 25
2311bd22-bad8-11e8-b2b9-ac1f6b6435d0,0 23 25
23163860-bad4-11e8-b2b8-ac1f6b6435d0,23
2319a258-bace-11e8-b2b8-ac1f6b6435d0,0 2
231e1dd4-bad2-11e8-b2b8-ac1f6b6435d0,0 25
231f4a44-bad5-11e8-b2b8-ac1f6b6435d0,0 5 25
231f8268-bac9-11e8-b2b8-ac1f6b6435d0,5
23208570-bacc-11e8-b2b8-ac1f6b6435d0,0 25
23222698-bad9-11e8-b2b9-ac1f6b6435d0,14
2327a292-bac7-11e8-b2b7-ac1f6b6435d0,5
2328ae9c-bad3-11e8-b2b8-ac1f6b6435d0,25
232a78c4-bac6-11e8-b2b7-ac1f6b6435d0,0 12
2331e0c8-bad5-11e8-b2b8-ac1f6b6435d0,0 5 18
2336c208-bac8-11e8-b2b7-ac1f6b6435d0,23
2339f5e2-bacb-11e8-b2b8-ac1f6b6435d0,0 25 26
233bd330-bad0-11e8-b2b8-ac1f6b6435d0,0 25
23435ea6-bac7-11e8-b2b7-ac1f6b6435d0,0 1 25
234a2258-bad2-11e8-b2b8-ac1f6b6435d0,0 20
234dd900-bacf-11e8-b2b8-ac1f6b6435d0,
2353d74a-bad1-11e8-b2b8-ac1f6b6435d0,0
23621d60-bada-11e8-b2b9-ac1f6b6435d0,11 25
2367dd2c-bac6-11e8-b2b7-ac1f6b6435d0,0 16 21
237329f2-bacb-11e8-b2b8-ac1f6b6435d0,0 2 25
23784f92-bad3-11e8-b2b8-ac1f6b6435d0,0
2379b12c-bad6-11e8-b2b9-ac1f6b6435d0,0 3 6 25
2389dfda-bac6-11e8-b2b7-ac1f6b6435d0,7
238f50a0-bada-11e8-b2b9-ac1f6b6435d0,0 7
239f85c2-bac8-11e8-b2b7-ac1f6b6435d0,0 25
23a1a70a-bacb-11e8-b2b8-ac1f6b6435d0,14 25
23a5adf8-bac8-11e8-b2b7-ac1f6b6435d0,0
23a83782-bad5-11e8-b2b8-ac1f6b6435d0,0 2 5
23a968f0-bacb-11e8-b2b8-ac1f6b6435d0,0
23adcfba-bad2-11e8-b2b8-ac1f6b6435d0,23
23b51ef4-bace-11e8-b2b8-ac1f6b6435d0,0
23b87b4a-bacd-11e8-b2b8-ac1f6b6435d0,0 7
23bfb360-bad7-11e8-b2b9-ac1f6b6435d0,0 24
23cc0776-bad9-11e8-b2b9-ac1f6b6435d0,0 21 25
23cf1252-bad1-11e8-b2b8-ac1f6b6435d0,23 25
23e0f75e-bace-11e8-b2b8-ac1f6b6435d0,0 2
23e13e5c-baca-11e8-b2b8-ac1f6b6435d0,7
23e3dbee-baca-11e8-b2b8-ac1f6b6435d0,0 7 25
23e45a92-baca-11e8-b2b8-ac1f6b6435d0,0 7 25
23fa4c5c-bacb-11e8-b2b8-ac1f6b6435d0,2 19 25
23fb94ec-bac9-11e8-b2b8-ac1f6b6435d0,0 5 25
240b9b18-bacd-11e8-b2b8-ac1f6b6435d0,0 25
240d2a94-bad9-11e8-b2b9-ac1f6b6435d0,7 25
240e7c88-bad8-11e8-b2b9-ac1f6b6435d0,0 1 25
2414a310-bac9-11e8-b2b8-ac1f6b6435d0,0 25
2419c794-bad5-11e8-b2b8-ac1f6b6435d0,0 25
24235d90-bac6-11e8-b2b7-ac1f6b6435d0,0 2
24293844-bac8-11e8-b2b7-ac1f6b6435d0,17 25
2429d18a-bad9-11e8-b2b9-ac1f6b6435d0,0 17 25
2435e8c2-bad3-11e8-b2b8-ac1f6b6435d0,0 2 21 25
24406150-bac7-11e8-b2b7-ac1f6b6435d0,0 25
2445eec2-bad1-11e8-b2b8-ac1f6b6435d0,0 4 7
2448054a-bacc-11e8-b2b8-ac1f6b6435d0,25
244886fc-bacf-11e8-b2b8-ac1f6b6435d0,0 21 25
244bd0b2-bad6-11e8-b2b9-ac1f6b6435d0,0 21 25
2453921e-bad8-11e8-b2b9-ac1f6b6435d0,0 25 26
246a5746-bad4-11e8-b2b8-ac1f6b6435d0,0 25
24787bfa-bacf-11e8-b2b8-ac1f6b6435d0,25
247bece0-bad9-11e8-b2b9-ac1f6b6435d0,0 2 25
24840cac-bad1-11e8-b2b8-ac1f6b6435d0,0 25
248a45e0-bacc-11e8-b2b8-ac1f6b6435d0,0 2 25
24934a60-bacb-11e8-b2b8-ac1f6b6435d0,0 7
2498eea0-bacd-11e8-b2b8-ac1f6b6435d0,0
24a771f6-bad1-11e8-b2b8-ac1f6b6435d0,0 25
24acab2a-bac8-11e8-b2b7-ac1f6b6435d0,25
24ad2ee2-bad2-11e8-b2b8-ac1f6b6435d0,0 20
24b19940-bad8-11e8-b2b9-ac1f6b6435d0,0 23
24b9d9ba-bad9-11e8-b2b9-ac1f6b6435d0,2 5
24bae9d2-bace-11e8-b2b8-ac1f6b6435d0,0
24bba072-bac7-11e8-b2b7-ac1f6b6435d0,0 25
24ca0fee-bacd-11e8-b2b8-ac1f6b6435d0,2 25
24d29968-bad0-11e8-b2b8-ac1f6b6435d0,0 25
24d5a130-bac6-11e8-b2b7-ac1f6b6435d0,0 25
24e81720-bac6-11e8-b2b7-ac1f6b6435d0,0 2 19 25
24e8f1f0-bad9-11e8-b2b9-ac1f6b6435d0,23
24ea4cfa-bad2-11e8-b2b8-ac1f6b6435d0,0 23
24fa38b2-bad8-11e8-b2b9-ac1f6b6435d0,0
24faab9c-bad0-11e8-b2b8-ac1f6b6435d0,5 25
24fb538a-bada-11e8-b2b9-ac1f6b6435d0,23
24fc90f8-bad3-11e8-b2b8-ac1f6b6435d0,0 19
24ffc906-bac6-11e8-b2b7-ac1f6b6435d0,6
2500e900-bace-11e8-b2b8-ac1f6b6435d0,0 4
2504d91c-bad7-11e8-b2b9-ac1f6b6435d0,0 19
2514cd58-bac9-11e8-b2b8-ac1f6b6435d0,0 2 25
25190b8c-bac6-11e8-b2b7-ac1f6b6435d0,3
251a7fcc-bad4-11e8-b2b8-ac1f6b6435d0,0 1 25
251f5fe0-bad1-11e8-b2b8-ac1f6b6435d0,0 5
252b65e8-bad5-11e8-b2b8-ac1f6b6435d0,0 2 21
252dd95a-bad4-11e8-b2b8-ac1f6b6435d0,0 25
25309cb8-bad3-11e8-b2b8-ac1f6b6435d0,0 2
2535b0d8-bacc-11e8-b2b8-ac1f6b6435d0,0 12 25
254ee616-bacc-11e8-b2b8-ac1f6b6435d0,0 1
254fb754-bad5-11e8-b2b8-ac1f6b6435d0,7
25553e0a-bacf-11e8-b2b8-ac1f6b6435d0,0 1
255ff4b0-bad6-11e8-b2b9-ac1f6b6435d0,0 17 25
2560a6c8-bacf-11e8-b2b8-ac1f6b6435d0,0 21
25635522-bac9-11e8-b2b8-ac1f6b6435d0,25
2564413e-bacf-11e8-b2b8-ac1f6b6435d0,7
25673036-bad6-11e8-b2b9-ac1f6b6435d0,0 25
256ddad4-bacd-11e8-b2b8-ac1f6b6435d0,0 1
256e1828-bac8-11e8-b2b7-ac1f6b6435d0,26
2572c71a-bac8-11e8-b2b7-ac1f6b6435d0,0
2574e018-bacd-11e8-b2b8-ac1f6b6435d0,20 23
25772c50-bad3-11e8-b2b8-ac1f6b6435d0,0 25
25793610-bacb-11e8-b2b8-ac1f6b6435d0,19 25
257ebea2-bace-11e8-b2b8-ac1f6b6435d0,14
258acdc4-bac8-11e8-b2b7-ac1f6b6435d0,0 5
25927402-bad2-11e8-b2b8-ac1f6b6435d0,0 21 22
2595a336-bacb-11e8-b2b8-ac1f6b6435d0,2 25
2597dfb2-baca-11e8-b2b8-ac1f6b6435d0,0
25980faa-bad9-11e8-b2b9-ac1f6b6435d0,0 25
259bee82-bad8-11e8-b2b9-ac1f6b6435d0,0 23
259db3ce-baca-11e8-b2b8-ac1f6b6435d0,0 2 25
25a42b00-bad9-11e8-b2b9-ac1f6b6435d0,0 7 19
25a700d6-bacb-11e8-b2b8-ac1f6b6435d0,0 2
25a75af2-bad2-11e8-b2b8-ac1f6b6435d0,23
25a80658-bad4-11e8-b2b8-ac1f6b6435d0,0 1
25ad0662-bad9-11e8-b2b9-ac1f6b6435d0,0 7 25
25b17adc-bac8-11e8-b2b7-ac1f6b6435d0,0 5
25c0704c-bad1-11e8-b2b8-ac1f6b6435d0,0 7 23
25ce6b4c-bac8-11e8-b2b7-ac1f6b6435d0,0 23
25daa55c-bad1-11e8-b2b8-ac1f6b6435d0,0 23
25dafafc-bacc-11e8-b2b8-ac1f6b6435d0,25
25e1c970-bac9-11e8-b2b8-ac1f6b6435d0,0 12
25e294de-bacb-11e8-b2b8-ac1f6b6435d0,5 25
25ed1756-bad5-11e8-b2b8-ac1f6b6435d0,0 21
25f19324-bac8-11e8-b2b7-ac1f6b6435d0,0 12
25fc0ff4-bada-11e8-b2b9-ac1f6b6435d0,0 25
25fcabc8-bad8-11e8-b2b9-ac1f6b6435d0,14
25ff8df8-bad7-11e8-b2b9-ac1f6b6435d0,2
26001072-bac6-11e8-b2b7-ac1f6b6435d0,5 25
2607b5e6-bac8-11e8-b2b7-ac1f6b6435d0,0 2 21 25
260a351a-bac7-11e8-b2b7-ac1f6b6435d0,16 17
260c6dd6-bad0-11e8-b2b8-ac1f6b6435d0,0 19
2613a980-bad9-11e8-b2b9-ac1f6b6435d0,25
2624bb28-bad2-11e8-b2b8-ac1f6b6435d0,17 25
262beaee-bac6-11e8-b2b7-ac1f6b6435d0,0 21 22
26320db0-bacc-11e8-b2b8-ac1f6b6435d0,0 4
263efe7a-bad7-11e8-b2b9-ac1f6b6435d0,25
2640468a-bad3-11e8-b2b8-ac1f6b6435d0,22
26408112-bad9-11e8-b2b9-ac1f6b6435d0,21
2644bd50-bace-11e8-b2b8-ac1f6b6435d0,0 25
2649f664-bad6-11e8-b2b9-ac1f6b6435d0,24
264fdfb6-bad1-11e8-b2b8-ac1f6b6435d0,3
265ff346-bacd-11e8-b2b8-ac1f6b6435d0,0 21 25
266127ae-bad5-11e8-b2b8-ac1f6b6435d0,0 19 25
2665211a-bada-11e8-b2b9-ac1f6b6435d0,0 25
2665d364-bad8-11e8-b2b9-ac1f6b6435d0,21 25
266a5038-bad8-11e8-b2b9-ac1f6b6435d0,0 26
266bef5a-bad4-11e8-b2b8-ac1f6b6435d0,0 23
2679a946-bad0-11e8-b2b8-ac1f6b6435d0,0 21
267cd224-bacb-11e8-b2b8-ac1f6b6435d0,23
2685339a-bad7-11e8-b2b9-ac1f6b6435d0,0 25
268710e0-bacb-11e8-b2b8-ac1f6b6435d0,0 1
2687341e-bace-11e8-b2b8-ac1f6b6435d0,0 7 21 25
268b3b7a-bac6-11e8-b2b7-ac1f6b6435d0,0 1
268c94b0-bac7-11e8-b2b7-ac1f6b6435d0,0 2 7
268edf00-bada-11e8-b2b9-ac1f6b6435d0,2
269054a2-bad0-11e8-b2b8-ac1f6b6435d0,0 21 25
2696591a-bacb-11e8-b2b8-ac1f6b6435d0,2
26987d7e-bad2-11e8-b2b8-ac1f6b6435d0,7 23
269a46b8-bac8-11e8-b2b7-ac1f6b6435d0,0 5
26b0bae6-bad3-11e8-b2b8-ac1f6b6435d0,0 25
26b426c2-bac9-11e8-b2b8-ac1f6b6435d0,0 2 25
26b4411c-bac8-11e8-b2b7-ac1f6b6435d0,11 24
26b6943c-bada-11e8-b2b9-ac1f6b6435d0,19
26b6fabc-bad0-11e8-b2b8-ac1f6b6435d0,25
26be61ce-bac8-11e8-b2b7-ac1f6b6435d0,25
26c26fcc-bad6-11e8-b2b9-ac1f6b6435d0,0 25
26c9f292-bac7-11e8-b2b7-ac1f6b6435d0,23 25
26cf516a-bad6-11e8-b2b9-ac1f6b6435d0,7 21 25
26cf68de-bad2-11e8-b2b8-ac1f6b6435d0,0 5
26d4751a-bada-11e8-b2b9-ac1f6b6435d0,0 17 25
26d7b90e-bacc-11e8-b2b8-ac1f6b6435d0,22
26dd6542-bacd-11e8-b2b8-ac1f6b6435d0,0 4 25
26dda142-bad2-11e8-b2b8-ac1f6b6435d0,0 7 25
26de8974-bada-11e8-b2b9-ac1f6b6435d0,23
26e21ce4-bad8-11e8-b2b9-ac1f6b6435d0,0 7 25
26eef92c-baca-11e8-b2b8-ac1f6b6435d0,0 25
26f4f2cc-bad5-11e8-b2b8-ac1f6b6435d0,18 19
26f4f8ea-baca-11e8-b2b8-ac1f6b6435d0,7
26f877ce-bad7-11e8-b2b9-ac1f6b6435d0,0 23
27029378-bada-11e8-b2b9-ac1f6b6435d0,0 3
2707c1f4-bad5-11e8-b2b8-ac1f6b6435d0,21 25
270b2ac6-bad8-11e8-b2b9-ac1f6b6435d0,0 23 25
270e067c-bada-11e8-b2b9-ac1f6b6435d0,0 18 19
271294fa-bad8-11e8-b2b9-ac1f6b6435d0,0 21 24
27187d8c-bad0-11e8-b2b8-ac1f6b6435d0,0 2 25
2721092e-bad6-11e8-b2b9-ac1f6b6435d0,0 2
272755ba-baca-11e8-b2b8-ac1f6b6435d0,3
2727ddc4-bad8-11e8-b2b9-ac1f6b6435d0,5
272a200c-bad3-11e8-b2b8-ac1f6b6435d0,0 7
272c486c-bad5-11e8-b2b8-ac1f6b6435d0,0 7 25
273ac4ec-baca-11e8-b2b8-ac1f6b6435d0,0 12 21 25
274340ce-bacd-11e8-b2b8-ac1f6b6435d0,12 25
2745a95e-bac8-11e8-b2b7-ac1f6b6435d0,4 25
2751a35e-bacc-11e8-b2b8-ac1f6b6435d0,7 25
275f1e6e-bacf-11e8-b2b8-ac1f6b6435d0,5 25
276825e0-bad4-11e8-b2b8-ac1f6b6435d0,0 25
276a42d6-bad3-11e8-b2b8-ac1f6b6435d0,0 2 5 25
2776f914-bad7-11e8-b2b9-ac1f6b6435d0,25
27816832-bad1-11e8-b2b8-ac1f6b6435d0,0
2781795c-bad7-11e8-b2b9-ac1f6b6435d0,0 19
27976c02-bac9-11e8-b2b8-ac1f6b6435d0,0 25
279d98ac-bace-11e8-b2b8-ac1f6b6435d0,11 25
27a4645a-bad5-11e8-b2b8-ac1f6b6435d0,0 18 19 25
27a70ac8-bad2-11e8-b2b8-ac1f6b6435d0,4 25
27aab2d0-bac9-11e8-b2b8-ac1f6b6435d0,0 19
27ac9dea-bad6-11e8-b2b9-ac1f6b6435d0,23
27b78f68-baca-11e8-b2b8-ac1f6b6435d0,0 25
27b994c6-bace-11e8-b2b8-ac1f6b6435d0,5
27c1c7fa-bacd-11e8-b2b8-ac1f6b6435d0,0 7
27c594f2-bacd-11e8-b2b8-ac1f6b6435d0,23
27c9ce44-baca-11e8-b2b8-ac1f6b6435d0,21
27ca9b0e-bace-11e8-b2b8-ac1f6b6435d0,12
27d3d8dc-bad2-11e8-b2b8-ac1f6b6435d0,0 7 18 21
27e78714-bac9-11e8-b2b8-ac1f6b6435d0,4
27e9a582-bad1-11e8-b2b8-ac1f6b6435d0,0 1 21 25
27edad80-bad1-11e8-b2b8-ac1f6b6435d0,1 21 25
27f119c8-bace-11e8-b2b8-ac1f6b6435d0,0 18 19
27f3f14c-bacf-11e8-b2b8-ac1f6b6435d0,3 25
27fea1d0-bacc-11e8-b2b8-ac1f6b6435d0,25
2800cba0-bacb-11e8-b2b8-ac1f6b6435d0,0 25
2801f46e-bad3-11e8-b2b8-ac1f6b6435d0,21
2804f0ee-bad1-11e8-b2b8-ac1f6b6435d0,0 2 3 7 25
280f99a0-bad5-11e8-b2b8-ac1f6b6435d0,0 2 25
28115398-bac7-11e8-b2b7-ac1f6b6435d0,7
2813a0f4-bad5-11e8-b2b8-ac1f6b6435d0,0 18 24
2815f21a-bacf-11e8-b2b8-ac1f6b6435d0,26
2818ec2c-bad4-11e8-b2b8-ac1f6b6435d0,0
2819931e-bad6-11e8-b2b9-ac1f6b6435d0,2 21 25
281f4774-bad0-11e8-b2b8-ac1f6b6435d0,21
2822638c-bad0-11e8-b2b8-ac1f6b6435d0,25
282e0c0c-bad3-11e8-b2b8-ac1f6b6435d0,0
283e7f02-bad7-11e8-b2b9-ac1f6b6435d0,2 25
283ef752-bad2-11e8-b2b8-ac1f6b6435d0,11
2840d4d6-bace-11e8-b2b8-ac1f6b6435d0,25
28432492-bad9-11e8-b2b9-ac1f6b6435d0,0 23
2852e2fe-bad6-11e8-b2b9-ac1f6b6435d0,0
2856d31e-bacc-11e8-b2b8-ac1f6b6435d0,16 17 25
285793de-bad7-11e8-b2b9-ac1f6b6435d0,0 20
285ec346-bad9-11e8-b2b9-ac1f6b6435d0,0
28601ba0-bac6-11e8-b2b7-ac1f6b6435d0,14
28603106-bad2-11e8-b2b8-ac1f6b6435d0,24 25
28689536-bac7-11e8-b2b7-ac1f6b6435d0,5
287192f0-bacf-11e8-b2b8-ac1f6b6435d0,0 21 25
28813438-bac7-11e8-b2b7-ac1f6b6435d0,0 25
28955f28-bad4-11e8-b2b8-ac1f6b6435d0,0 26
2896a114-bad2-11e8-b2b8-ac1f6b6435d0,21
2898a196-bac6-11e8-b2b7-ac1f6b6435d0,0 1
289cf074-bad1-11e8-b2b8-ac1f6b6435d0,0 25
28a2561c-bac8-11e8-b2b7-ac1f6b6435d0,0 25
28a26b1e-bad9-11e8-b2b9-ac1f6b6435d0,26
28a9b962-bad1-11e8-b2b8-ac1f6b6435d0,24
28aac80a-bad8-11e8-b2b9-ac1f6b6435d0,0 21 25
28af815a-bad9-11e8-b2b9-ac1f6b6435d0,0 25
28b0e64c-bacc-11e8-b2b8-ac1f6b6435d0,0 1
28b446c6-bacb-11e8-b2b8-ac1f6b6435d0,0 2 25
28c13a9c-bad1-11e8-b2b8-ac1f6b6435d0,2 25
28c4dee6-bacb-11e8-b2b8-ac1f6b6435d0,0 21 25
28c8fb0a-bad2-11e8-b2b8-ac1f6b6435d0,0 7
28cae5a2-bacb-11e8-b2b8-ac1f6b6435d0,0 23
28ceeb92-bac7-11e8-b2b7-ac1f6b6435d0,0 4 25
28db004a-bacb-11e8-b2b8-ac1f6b6435d0,0 25
28e3698c-bad6-11e8-b2b9-ac1f6b6435d0,0 4 25
28eccb76-bac7-11e8-b2b7-ac1f6b6435d0,0 2 25
28f538de-bacb-11e8-b2b8-ac1f6b6435d0,0 23
28fed7e0-bac6-11e8-b2b7-ac1f6b6435d0,0 21 25
2904c466-bad0-11e8-b2b8-ac1f6b6435d0,4
29060b00-bad0-11e8-b2b8-ac1f6b6435d0,0
290f2fa0-bada-11e8-b2b9-ac1f6b6435d0,0 1
29116e84-bace-11e8-b2b8-ac1f6b6435d0,1
291a4d52-bad7-11e8-b2b9-ac1f6b6435d0,0 19 21 25
291eeb9a-bad8-11e8-b2b9-ac1f6b6435d0,0 25
2925fe7e-bacb-11e8-b2b8-ac1f6b6435d0,11 25
2929711c-bada-11e8-b2b9-ac1f6b6435d0,14
292a098e-bad4-11e8-b2b8-ac1f6b6435d0,21
292f2156-bac7-11e8-b2b7-ac1f6b6435d0,11
2932370e-bace-11e8-b2b8-ac1f6b6435d0,0 16 17 25
2935b396-bada-11e8-b2b9-ac1f6b6435d0,23
2940f3be-bada-11e8-b2b9-ac1f6b6435d0,0 14 17
2940fcb0-bad5-11e8-b2b8-ac1f6b6435d0,3 23
29413a22-bad0-11e8-b2b8-ac1f6b6435d0,0 4
29414644-bad4-11e8-b2b8-ac1f6b6435d0,25 26
2945967e-bacd-11e8-b2b8-ac1f6b6435d0,0 25
294a8dd4-bac6-11e8-b2b7-ac1f6b6435d0,7 11
294b78b0-bac7-11e8-b2b7-ac1f6b6435d0,0 4 21 25
295a988e-bac9-11e8-b2b8-ac1f6b6435d0,0 1 21
295ca62e-bac9-11e8-b2b8-ac1f6b6435d0,0 18
295cf2bc-bac6-11e8-b2b7-ac1f6b6435d0,0 23
296cba92-bacd-11e8-b2b8-ac1f6b6435d0,11
2977e2da-bacf-11e8-b2b8-ac1f6b6435d0,0 26
29792eec-bad4-11e8-b2b8-ac1f6b6435d0,0 13 21 25
2981d7ae-baca-11e8-b2b8-ac1f6b6435d0,21
298a93f0-bacd-11e8-b2b8-ac1f6b6435d0,2 25
298b65de-bad0-11e8-b2b8-ac1f6b6435d0,0
298c0cfc-bace-11e8-b2b8-ac1f6b6435d0,0 25 26
298d34ea-bad5-11e8-b2b8-ac1f6b6435d0,0 7 23 25
2990edec-bad5-11e8-b2b8-ac1f6b6435d0,7
2991a006-bacc-11e8-b2b8-ac1f6b6435d0,0
299600d2-bad7-11e8-b2b9-ac1f6b6435d0,25
299b1ab2-bad3-11e8-b2b8-ac1f6b6435d0,0 2 21
299bec26-bad3-11e8-b2b8-ac1f6b6435d0,0 4
299cf8f0-bace-11e8-b2b8-ac1f6b6435d0,0 25
299f627c-bad1-11e8-b2b8-ac1f6b6435d0,6 23
29a033aa-bacc-11e8-b2b8-ac1f6b6435d0,0 5 19 25
29a57e4c-bad0-11e8-b2b8-ac1f6b6435d0,0 3
29a5c236-bacf-11e8-b2b8-ac1f6b6435d0,21 23
29a87c3e-bad8-11e8-b2b9-ac1f6b6435d0,25
29ade240-bad4-11e8-b2b8-ac1f6b6435d0,4
29aed67e-bad3-11e8-b2b8-ac1f6b6435d0,0
29b2e3e2-bacc-11e8-b2b8-ac1f6b6435d0,0 25
29b60680-bad1-11e8-b2b8-ac1f6b6435d0,23
29b6a2f2-bad6-11e8-b2b9-ac1f6b6435d0,5
29cccf36-bad2-11e8-b2b8-ac1f6b6435d0,0 23 25
29d1d616-bacd-11e8-b2b8-ac1f6b6435d0,0 16
29e35430-bad8-11e8-b2b9-ac1f6b6435d0,0 21
29e3e136-bad6-11e8-b2b9-ac1f6b6435d0,0 2 16 25
29e7285a-bad6-11e8-b2b9-ac1f6b6435d0,0 7 18
29fb90b2-bad4-11e8-b2b8-ac1f6b6435d0,0 5
29fca996-bad6-11e8-b2b9-ac1f6b6435d0,23
2a062e36-bacb-11e8-b2b8-ac1f6b6435d0,0 5 25
2a11ceaa-bac9-11e8-b2b8-ac1f6b6435d0,0 7
2a15051c-bad2-11e8-b2b8-ac1f6b6435d0,0 7 25
2a15aece-bacb-11e8-b2b8-ac1f6b6435d0,0 25
2a16b39a-bad6-11e8-b2b9-ac1f6b6435d0,11
2a193426-bad6-11e8-b2b9-ac1f6b6435d0,19
2a203b34-bac9-11e8-b2b8-ac1f6b6435d0,4 25
2a24411e-bada-11e8-b2b9-ac1f6b6435d0,0 1
2a29a982-bad1-11e8-b2b8-ac1f6b6435d0,0 2 3
2a2b8f54-bac7-11e8-b2b7-ac1f6b6435d0,25
2a31a228-bad0-11e8-b2b8-ac1f6b6435d0,13
2a34910e-bada-11e8-b2b9-ac1f6b6435d0,0 21 25
2a495712-bace-11e8-b2b8-ac1f6b6435d0,0 23 25
2a4b73ca-bad4-11e8-b2b8-ac1f6b6435d0,2 25
2a5797c6-bad5-11e8-b2b8-ac1f6b6435d0,24
2a58479c-bad6-11e8-b2b9-ac1f6b6435d0,0 12 25
2a68d94a-bac7-11e8-b2b7-ac1f6b6435d0,3 7 25
2a7258f0-bad4-11e8-b2b8-ac1f6b6435d0,0 25
2a79281c-bad2-11e8-b2b8-ac1f6b6435d0,25
2a7c0e46-bac9-11e8-b2b8-ac1f6b6435d0,0 26
2a80d600-baca-11e8-b2b8-ac1f6b6435d0,0
2a8dd554-bad8-11e8-b2b9-ac1f6b6435d0,0 2
2a8e7e76-bad5-11e8-b2b8-ac1f6b6435d0,0 25
2a9173b8-bad2-11e8-b2b8-ac1f6b6435d0,0 2 25
2a995920-bacd-11e8-b2b8-ac1f6b6435d0,2 25
2a9a0ffc-bada-11e8-b2b9-ac1f6b6435d0,0 25
2aa7f43e-bad8-11e8-b2b9-ac1f6b6435d0,2 21 25
2aab3414-bace-11e8-b2b8-ac1f6b6435d0,0 1 21 25
2aad070c-bad4-11e8-b2b8-ac1f6b6435d0,0 6 23 25
2ab3a4b6-bac7-11e8-b2b7-ac1f6b6435d0,25
2ab8864e-bada-11e8-b2b9-ac1f6b6435d0,25
2ac54f50-bad0-11e8-b2b8-ac1f6b6435d0,25
2ac5909a-bac7-11e8-b2b7-ac1f6b6435d0,21
2ac6c6bc-bac8-11e8-b2b7-ac1f6b6435d0,0 11
2ac808b2-bad5-11e8-b2b8-ac1f6b6435d0,0 23
2ac98aa4-bad3-11e8-b2b8-ac1f6b6435d0,14 16
2ad1c228-bac9-11e8-b2b8-ac1f6b6435d0,0 25
2ae3e5d8-bad9-11e8-b2b9-ac1f6b6435d0,0 2 14 25
2ae85872-bac8-11e8-b2b7-ac1f6b6435d0,0 7 18
2aecf79e-bad5-11e8-b2b8-ac1f6b6435d0,14
2aeeca50-bad6-11e8-b2b9-ac1f6b6435d0,14 25
2aeefc76-bace-11e8-b2b8-ac1f6b6435d0,2 4 25
2af7678a-bad8-11e8-b2b9-ac1f6b6435d0,0 1
2af84680-bacb-11e8-b2b8-ac1f6b6435d0,0 25 26
2afc9fc2-bacc-11e8-b2b8-ac1f6b6435d0,11
2b01e24e-bad5-11e8-b2b8-ac1f6b6435d0,0 4 14
2b09d44c-bad8-11e8-b2b9-ac1f6b6435d0,0 25
2b13f048-bad9-11e8-b2b9-ac1f6b6435d0,0 2 15 16
2b155dec-bac6-11e8-b2b7-ac1f6b6435d0,2 23 25
2b19e5f6-bad5-11e8-b2b8-ac1f6b6435d0,11
2b24f492-bad9-11e8-b2b9-ac1f6b6435d0,0
2b27d96e-bad9-11e8-b2b9-ac1f6b6435d0,0 5
2b28bda0-bacc-11e8-b2b8-ac1f6b6435d0,0 7
2b36c5b0-bad3-11e8-b2b8-ac1f6b6435d0,0 22
2b3a5476-bad5-11e8-b2b8-ac1f6b6435d0,0 21 25
2b42d30e-bacf-11e8-b2b8-ac1f6b6435d0,0 5 18 19
2b4309f4-bada-11e8-b2b9-ac1f6b6435d0,0 2 3 25
2b47d0ee-bad8-11e8-b2b9-ac1f6b6435d0,0 25
2b49bd24-bacd-11e8-b2b8-ac1f6b6435d0,5 25
2b4c7d6c-bad1-11e8-b2b8-ac1f6b6435d0,11
2b5b809a-bac8-11e8-b2b7-ac1f6b6435d0,2
2b5c66de-bacf-11e8-b2b8-ac1f6b6435d0,0
2b61605c-bada-11e8-b2b9-ac1f6b6435d0,6 7
2b717104-bad5-11e8-b2b8-ac1f6b6435d0,0 2 23
2b741b70-bad0-11e8-b2b8-ac1f6b6435d0,13 25
2b7b3f78-bad9-11e8-b2b9-ac1f6b6435d0,23
2b82e094-bac9-11e8-b2b8-ac1f6b6435d0,0 5
2b876fea-bad0-11e8-b2b8-ac1f6b6435d0,0
2b884a5c-bace-11e8-b2b8-ac1f6b6435d0,21
2b8d488c-bacd-11e8-b2b8-ac1f6b6435d0,0 25
2b95a7aa-baca-11e8-b2b8-ac1f6b6435d0,0 2
2b960450-bacc-11e8-b2b8-ac1f6b6435d0,0 7 11
2b9d85c8-bac6-11e8-b2b7-ac1f6b6435d0,0 16 25
2ba123a0-bad4-11e8-b2b8-ac1f6b6435d0,0 16 17 25
2ba6c4f6-bad7-11e8-b2b9-ac1f6b6435d0,0
2ba80880-bacc-11e8-b2b8-ac1f6b6435d0,0 18 19
2bb00828-bac7-11e8-b2b7-ac1f6b6435d0,0 1
2bb9fe40-bac8-11e8-b2b7-ac1f6b6435d0,24
2bbc194a-bac9-11e8-b2b8-ac1f6b6435d0,0 23
2bbea4b4-bad6-11e8-b2b9-ac1f6b6435d0,0 4 25
2bc3ca00-bad3-11e8-b2b8-ac1f6b6435d0,0 5
2bc7b8bc-baca-11e8-b2b8-ac1f6b6435d0,0 25
2bcd2384-bad3-11e8-b2b8-ac1f6b6435d0,0 11 12 25
2bd51caa-bad9-11e8-b2b9-ac1f6b6435d0,0 24
2be10506-baca-11e8-b2b8-ac1f6b6435d0,0 2 25
2bea3fba-bac8-11e8-b2b7-ac1f6b6435d0,0 25
2becdec2-bad8-11e8-b2b9-ac1f6b6435d0,18 19 25
2c0d8464-baca-11e8-b2b8-ac1f6b6435d0,13 25
2c0f78e0-bac6-11e8-b2b7-ac1f6b6435d0,18
2c13f670-bacd-11e8-b2b8-ac1f6b6435d0,23 25
2c18fe72-bacd-11e8-b2b8-ac1f6b6435d0,1 2 25
2c1fa200-bacc-11e8-b2b8-ac1f6b6435d0,0 2 25
2c2200d0-bac8-11e8-b2b7-ac1f6b6435d0,23
2c24230c-bacc-11e8-b2b8-ac1f6b6435d0,5
2c352b56-bac8-11e8-b2b7-ac1f6b6435d0,0 2
2c40f510-bad9-11e8-b2b9-ac1f6b6435d0,0 21
2c4139e6-bac8-11e8-b2b7-ac1f6b6435d0,0 25
2c478362-baca-11e8-b2b8-ac1f6b6435d0,4 5
2c49d56e-bad3-11e8-b2b8-ac1f6b6435d0,23 25
2c55688e-bac9-11e8-b2b8-ac1f6b6435d0,0 21 25
2c5704f4-bad9-11e8-b2b9-ac1f6b6435d0,6 25
2c57c900-bad1-11e8-b2b8-ac1f6b6435d0,0 21 25
2c5e4e24-bac7-11e8-b2b7-ac1f6b6435d0,0 2
2c69c19e-bac9-11e8-b2b8-ac1f6b6435d0,0 12
2c8ef12a-bad4-11e8-b2b8-ac1f6b6435d0,21
2c909ca0-baca-11e8-b2b8-ac1f6b6435d0,0 14 17 25
2c91cbfe-bacd-11e8-b2b8-ac1f6b6435d0,0
2c9c234a-bad4-11e8-b2b8-ac1f6b6435d0,19
2c9f1aa0-bacf-11e8-b2b8-ac1f6b6435d0,0
2ca054f2-bac9-11e8-b2b8-ac1f6b6435d0,0 1 25
2ca429e2-bad3-11e8-b2b8-ac1f6b6435d0,0 12 21 25
2ca73cc0-bacb-11e8-b2b8-ac1f6b6435d0,0 7 20 25
2cb9d35a-bad8-11e8-b2b9-ac1f6b6435d0,0
2cbe708e-bacb-11e8-b2b8-ac1f6b6435d0,21 25
2cbfd8fc-bacb-11e8-b2b8-ac1f6b6435d0,4
2cc70076-bad2-11e8-b2b8-ac1f6b6435d0,0 7 25
2cc7c76c-bad3-11e8-b2b8-ac1f6b6435d0,0 25
2cccfa86-bad6-11e8-b2b9-ac1f6b6435d0,0 5
2cd2ec16-bacc-11e8-b2b8-ac1f6b6435d0,5
2ce03328-bacf-11e8-b2b8-ac1f6b6435d0,0 21 25
2cee057e-bad0-11e8-b2b8-ac1f6b6435d0,11
2cef4064-bad1-11e8-b2b8-ac1f6b6435d0,5 25
2cf9d91e-bac9-11e8-b2b8-ac1f6b6435d0,21
2cfbf0c4-bad2-11e8-b2b8-ac1f6b6435d0,0
2cfe4ca2-bad2-11e8-b2b8-ac1f6b6435d0,0 1
2d12ed56-bad7-11e8-b2b9-ac1f6b6435d0,0 25
2d26b0de-bac8-11e8-b2b7-ac1f6b6435d0,4
2d3dc13c-bad4-11e8-b2b8-ac1f6b6435d0,0 2 25
2d42cf8a-bad7-11e8-b2b9-ac1f6b6435d0,17 25
2d481f64-bac6-11e8-b2b7-ac1f6b6435d0,0 25
2d5072fe-bac6-11e8-b2b7-ac1f6b6435d0,21
2d591370-bad8-11e8-b2b9-ac1f6b6435d0,0 4
2d607164-bacf-11e8-b2b8-ac1f6b6435d0,23
2d63ff8e-bad7-11e8-b2b9-ac1f6b6435d0,23
2d73659e-baca-11e8-b2b8-ac1f6b6435d0,0
2d7400d4-bad5-11e8-b2b8-ac1f6b6435d0,0 23
2d743752-bacb-11e8-b2b8-ac1f6b6435d0,24
2d76f398-bada-11e8-b2b9-ac1f6b6435d0,23
2d7ad348-bace-11e8-b2b8-ac1f6b6435d0,0 26
2d7c7f38-bad6-11e8-b2b9-ac1f6b6435d0,0 2 25
2d847a36-bada-11e8-b2b9-ac1f6b6435d0,0 5
2d8551b4-bad4-11e8-b2b8-ac1f6b6435d0,0 2 25
2d88aeb0-bad2-11e8-b2b8-ac1f6b6435d0,21 22
2d8c58a6-bad4-11e8-b2b8-ac1f6b6435d0,0 2 23 25
2d95bdea-bad1-11e8-b2b8-ac1f6b6435d0,0 21 25
2d98fc42-bad3-11e8-b2b8-ac1f6b6435d0,19
2d9efbe8-bad7-11e8-b2b9-ac1f6b6435d0,4 21 25
2d9f7b4c-bac6-11e8-b2b7-ac1f6b6435d0,0 21 25
2db34cb4-bace-11e8-b2b8-ac1f6b6435d0,0 18 19
2db56608-bad7-11e8-b2b9-ac1f6b6435d0,0 25
2db9f8c4-bad9-11e8-b2b9-ac1f6b6435d0,0 14
2dbaa2f8-bad7-11e8-b2b9-ac1f6b6435d0,0 7 11
2dbab842-bacd-11e8-b2b8-ac1f6b6435d0,0 25
2dbd6004-baca-11e8-b2b8-ac1f6b6435d0,14
2dbdaafa-bad4-11e8-b2b8-ac1f6b6435d0,0 2 21 25
2dbf9862-bacd-11e8-b2b8-ac1f6b6435d0,21
2dc0cf00-bad4-11e8-b2b8-ac1f6b6435d0,20
2dc6e8fa-bad3-11e8-b2b8-ac1f6b6435d0,0 12 25
2dcae3a8-bac7-11e8-b2b7-ac1f6b6435d0,25
2dcdd948-bacf-11e8-b2b8-ac1f6b6435d0,0 25
2dd10c80-bad4-11e8-b2b8-ac1f6b6435d0,0 1 5 25
2dd7539c-bacf-11e8-b2b8-ac1f6b6435d0,0 4 5
2ddb5868-bacd-11e8-b2b8-ac1f6b6435d0,0 21 25
2de4935a-bac9-11e8-b2b8-ac1f6b6435d0,25
2df0b9ac-bac7-11e8-b2b7-ac1f6b6435d0,0
2df5bd06-bad8-11e8-b2b9-ac1f6b6435d0,0 5
2e09e5b4-bacf-11e8-b2b8-ac1f6b6435d0,4 21 25
2e28e03a-bad5-11e8-b2b8-ac1f6b6435d0,1
2e2d1f30-bac9-11e8-b2b8-ac1f6b6435d0,0 1
2e2f56fa-bacf-11e8-b2b8-ac1f6b6435d0,0 18 19
2e2fcd86-bad1-11e8-b2b8-ac1f6b6435d0,0 7 19
2e316e98-bac7-11e8-b2b7-ac1f6b6435d0,0 7 23
2e4a7f3c-bad6-11e8-b2b9-ac1f6b6435d0,21 25
2e50b4c0-bac6-11e8-b2b7-ac1f6b6435d0,5 25
2e54059e-bacb-11e8-b2b8-ac1f6b6435d0,0 25
2e570c6e-bace-11e8-b2b8-ac1f6b6435d0,0 25
2e598266-bacc-11e8-b2b8-ac1f6b6435d0,0 19 25
2e5c5fd8-bacf-11e8-b2b8-ac1f6b6435d0,0
2e5cb5be-bad9-11e8-b2b9-ac1f6b6435d0,23
2e61f848-bad0-11e8-b2b8-ac1f6b6435d0,7 11
2e65d3f6-bad9-11e8-b2b9-ac1f6b6435d0,0 25
2e68c8c8-bac9-11e8-b2b8-ac1f6b6435d0,0 1
2e72adae-bad1-11e8-b2b8-ac1f6b6435d0,11
2e73b932-bad7-11e8-b2b9-ac1f6b6435d0,0 2
2e7f1a08-bacc-11e8-b2b8-ac1f6b6435d0,23 25
2e820c82-bada-11e8-b2b9-ac1f6b6435d0,2 25
2e862ac0-bad4-11e8-b2b8-ac1f6b6435d0,18 19 24
2e9d4088-bad5-11e8-b2b8-ac1f6b6435d0,0 2
2ea1345a-bacf-11e8-b2b8-ac1f6b6435d0,0 25
2ea48066-bad3-11e8-b2b8-ac1f6b6435d0,0 12
2ea9172a-bace-11e8-b2b8-ac1f6b6435d0,0 25
2eb67804-bac7-11e8-b2b7-ac1f6b6435d0,2
2eddb462-bace-11e8-b2b8-ac1f6b6435d0,0 21 25
2ede3e16-bad1-11e8-b2b8-ac1f6b6435d0,0 23
2eded830-bacc-11e8-b2b8-ac1f6b6435d0,22
2ee6d846-bad6-11e8-b2b9-ac1f6b6435d0,2
2ee94758-bad5-11e8-b2b8-ac1f6b6435d0,0 2 5
2ee9b908-bad1-11e8-b2b8-ac1f6b6435d0,1 2
2ef530ec-bac9-11e8-b2b8-ac1f6b6435d0,2 17 18 21 25
2f005462-bad4-11e8-b2b8-ac1f6b6435d0,0 5 25
2f058f98-bad6-11e8-b2b9-ac1f6b6435d0,0 11 25
2f092a34-bad8-11e8-b2b9-ac1f6b6435d0,0 5 25
2f0b2ac6-bac6-11e8-b2b7-ac1f6b6435d0,14
2f0b74c8-baca-11e8-b2b8-ac1f6b6435d0,0 18 21
2f0d8f16-bace-11e8-b2b8-ac1f6b6435d0,0
2f109a82-bacc-11e8-b2b8-ac1f6b6435d0,0 2
2f1a50fa-bad0-11e8-b2b8-ac1f6b6435d0,4
2f256d32-bad5-11e8-b2b8-ac1f6b6435d0,12 25
2f2a2518-bad3-11e8-b2b8-ac1f6b6435d0,25
2f36fa12-baca-11e8-b2b8-ac1f6b6435d0,0 5 25
2f40ec8c-bacc-11e8-b2b8-ac1f6b6435d0,0 13 25
2f4ca104-bad0-11e8-b2b8-ac1f6b6435d0,0 25
2f4e2d74-bad2-11e8-b2b8-ac1f6b6435d0,4
2f5117c2-bace-11e8-b2b8-ac1f6b6435d0,2 21 25
2f565d76-bad9-11e8-b2b9-ac1f6b6435d0,0 25
2f5b7744-bac9-11e8-b2b8-ac1f6b6435d0,0 5 25
2f5f3656-bac7-11e8-b2b7-ac1f6b6435d0,0
2f620a96-bace-11e8-b2b8-ac1f6b6435d0,0 25
2f7f5a5a-baca-11e8-b2b8-ac1f6b6435d0,6 23 25
2f8f1c96-bad5-11e8-b2b8-ac1f6b6435d0,0
2f99bb86-bacd-11e8-b2b8-ac1f6b6435d0,0 25
2f9be862-bad6-11e8-b2b9-ac1f6b6435d0,0 25
2fa06244-bacb-11e8-b2b8-ac1f6b6435d0,0 26
2fabe808-bac6-11e8-b2b7-ac1f6b6435d0,23
2fb86cfc-bacd-11e8-b2b8-ac1f6b6435d0,6 25
2fbb27f4-bad6-11e8-b2b9-ac1f6b6435d0,2
2fc5967e-bad3-11e8-b2b8-ac1f6b6435d0,0 12
2fc5f5a4-bac6-11e8-b2b7-ac1f6b6435d0,14
2fcae024-bad9-11e8-b2b9-ac1f6b6435d0,21 25
2fcec2b0-bac6-11e8-b2b7-ac1f6b6435d0,18
2fd69908-bad1-11e8-b2b8-ac1f6b6435d0,0 1
2fda9040-bada-11e8-b2b9-ac1f6b6435d0,0 25
2fe60e0e-bad8-11e8-b2b9-ac1f6b6435d0,2 25
2ff22788-bad9-11e8-b2b9-ac1f6b6435d0,0
2ff3fdbc-bad7-11e8-b2b9-ac1f6b6435d0,12 25
2ff4ef92-bad7-11e8-b2b9-ac1f6b6435d0,4 23
3001a450-bac6-11e8-b2b7-ac1f6b6435d0,2 21 25
3001deca-bada-11e8-b2b9-ac1f6b6435d0,0 22
3001e298-bacc-11e8-b2b8-ac1f6b6435d0,0 24
300bbeca-bac8-11e8-b2b7-ac1f6b6435d0,0 23 25
3013d0d2-bace-11e8-b2b8-ac1f6b6435d0,7
3020ed2a-bad9-11e8-b2b9-ac1f6b6435d0,7
3034f756-bad5-11e8-b2b8-ac1f6b6435d0,0 21 22
303ab5e4-bad8-11e8-b2b9-ac1f6b6435d0,0 25
303d5d58-bad3-11e8-b2b8-ac1f6b6435d0,2 14 16 17 25
304994c4-bace-11e8-b2b8-ac1f6b6435d0,4
304c99cc-bacd-11e8-b2b8-ac1f6b6435d0,25
304cbe50-bacf-11e8-b2b8-ac1f6b6435d0,7
304e381a-bada-11e8-b2b9-ac1f6b6435d0,0 25
30548aa2-bacc-11e8-b2b8-ac1f6b6435d0,21 25
3057ec12-bacf-11e8-b2b8-ac1f6b6435d0,0 2
3064779c-bad5-11e8-b2b8-ac1f6b6435d0,0 21 22
30679a8c-bace-11e8-b2b8-ac1f6b6435d0,0 16 17 25
3068a182-bad5-11e8-b2b8-ac1f6b6435d0,0 25 26
306a8dcc-baca-11e8-b2b8-ac1f6b6435d0,3
306e47ee-bac7-11e8-b2b7-ac1f6b6435d0,0 2 11 25
307c34e2-bac9-11e8-b2b8-ac1f6b6435d0,0
309571a4-bacf-11e8-b2b8-ac1f6b6435d0,0 25
30a78e54-bad2-11e8-b2b8-ac1f6b6435d0,0 1 21 25
30a7cf06-bad5-11e8-b2b8-ac1f6b6435d0,25
30b0f974-bad9-11e8-b2b9-ac1f6b6435d0,0 2
30b5df5a-bad6-11e8-b2b9-ac1f6b6435d0,0 7 18
30b650e8-bad6-11e8-b2b9-ac1f6b6435d0,0 25
30bab06e-bac9-11e8-b2b8-ac1f6b6435d0,0 25
30c0eefa-bad0-11e8-b2b8-ac1f6b6435d0,7
30c5aba4-bad8-11e8-b2b9-ac1f6b6435d0,0 21 22
30c78b66-bac6-11e8-b2b7-ac1f6b6435d0,0 21 25
30cab8f8-bac7-11e8-b2b7-ac1f6b6435d0,25 26
30d14a8c-bacd-11e8-b2b8-ac1f6b6435d0,0 2 25
30d19eba-bad2-11e8-b2b8-ac1f6b6435d0,6 21 25
30d74b16-bace-11e8-b2b8-ac1f6b6435d0,0 7 25
30d7cd76-bacd-11e8-b2b8-ac1f6b6435d0,0 2 7
30e548e8-bad7-11e8-b2b9-ac1f6b6435d0,24
30e9165a-bac6-11e8-b2b7-ac1f6b6435d0,0 3 25
30e9c094-bacd-11e8-b2b8-ac1f6b6435d0,0 25
30ede3a8-bad3-11e8-b2b8-ac1f6b6435d0,0 2 25
30ef3514-bace-11e8-b2b8-ac1f6b6435d0,0
30f221f6-bad9-11e8-b2b9-ac1f6b6435d0,3
30f88824-bad0-11e8-b2b8-ac1f6b6435d0,0 2 19
30ffe776-bad6-11e8-b2b9-ac1f6b6435d0,0 25
31008da0-bad3-11e8-b2b8-ac1f6b6435d0,2 6
3100d98e-bacb-11e8-b2b8-ac1f6b6435d0,11
3103c590-bacb-11e8-b2b8-ac1f6b6435d0,0 7 23
31045ea6-bada-11e8-b2b9-ac1f6b6435d0,0 21 25
3107041e-bace-11e8-b2b8-ac1f6b6435d0,13
31087bba-bac8-11e8-b2b7-ac1f6b6435d0,0 25
3110c84c-bac8-11e8-b2b7-ac1f6b6435d0,17 25
31158a4c-bad4-11e8-b2b8-ac1f6b6435d0,25
311c000c-bad9-11e8-b2b9-ac1f6b6435d0,7 25
3124fb1e-bad7-11e8-b2b9-ac1f6b6435d0,0 21 22 25
3129e966-bac9-11e8-b2b8-ac1f6b6435d0,25
312e5e78-bad9-11e8-b2b9-ac1f6b6435d0,0 25
31374988-bad0-11e8-b2b8-ac1f6b6435d0,13 21
3139859a-bad5-11e8-b2b8-ac1f6b6435d0,0 21 22 25
313bfe44-bad3-11e8-b2b8-ac1f6b6435d0,0 25
314e08b8-baca-11e8-b2b8-ac1f6b6435d0,4
31585fca-bad4-11e8-b2b8-ac1f6b6435d0,0 21
3158d740-bad7-11e8-b2b9-ac1f6b6435d0,0 25
315c5b0e-bad7-11e8-b2b9-ac1f6b6435d0,25
31656cec-bad9-11e8-b2b9-ac1f6b6435d0,23
317474a4-bac9-11e8-b2b8-ac1f6b6435d0,14
317721ca-bada-11e8-b2b9-ac1f6b6435d0,3
317abea6-bad6-11e8-b2b9-ac1f6b6435d0,7
317dad0a-bacc-11e8-b2b8-ac1f6b6435d0,0 18 19
317df09c-bac9-11e8-b2b8-ac1f6b6435d0,0 7 23
3185940a-bad8-11e8-b2b9-ac1f6b6435d0,21 25
3185bb68-bac6-11e8-b2b7-ac1f6b6435d0,13
3196baa8-bacb-11e8-b2b8-ac1f6b6435d0,0 21
319a22c0-baca-11e8-b2b8-ac1f6b6435d0,25
319bb5fe-baca-11e8-b2b8-ac1f6b6435d0,5 21
319c98be-bad1-11e8-b2b8-ac1f6b6435d0,0 25
31a0bf0e-bad9-11e8-b2b9-ac1f6b6435d0,0 23
31a4b6a8-bad0-11e8-b2b8-ac1f6b6435d0,0 2 23 25
31a9891a-bad2-11e8-b2b8-ac1f6b6435d0,0
31b04e80-bad2-11e8-b2b8-ac1f6b6435d0,0 2 25
31b2ab5a-bad0-11e8-b2b8-ac1f6b6435d0,0 18 19 25
31c18a32-bac9-11e8-b2b8-ac1f6b6435d0,25
31c2e6e2-bacf-11e8-b2b8-ac1f6b6435d0,0 19
31c5d30c-bacf-11e8-b2b8-ac1f6b6435d0,11 25
31c90f12-bad0-11e8-b2b8-ac1f6b6435d0,21 22
31caccd8-bacd-11e8-b2b8-ac1f6b6435d0,25
31ced606-bad3-11e8-b2b8-ac1f6b6435d0,0 1 25
31cf16dc-bac6-11e8-b2b7-ac1f6b6435d0,0 11 21 25
31d17db0-bad4-11e8-b2b8-ac1f6b6435d0,0 16
31d613c6-bac9-11e8-b2b8-ac1f6b6435d0,0
31d680e2-bac7-11e8-b2b7-ac1f6b6435d0,0 1 25 26
31e6ede0-bad8-11e8-b2b9-ac1f6b6435d0,0 25
31e94dbe-baca-11e8-b2b8-ac1f6b6435d0,4
31e978c0-bacf-11e8-b2b8-ac1f6b6435d0,0
31f25364-baca-11e8-b2b8-ac1f6b6435d0,4 25
31f39256-bacf-11e8-b2b8-ac1f6b6435d0,7 23 25
31f5b15e-bace-11e8-b2b8-ac1f6b6435d0,0 21 25
31f644e2-baca-11e8-b2b8-ac1f6b6435d0,0 25
31fbb7fe-bac7-11e8-b2b7-ac1f6b6435d0,0 7 25
32115dfe-bad4-11e8-b2b8-ac1f6b6435d0,0 25
3212a29a-bacf-11e8-b2b8-ac1f6b6435d0,0 7
32174b50-bad0-11e8-b2b8-ac1f6b6435d0,7 25
321ca974-bac6-11e8-b2b7-ac1f6b6435d0,0 19
321e8db4-bad7-11e8-b2b9-ac1f6b6435d0,12 21
3227ab5c-bad1-11e8-b2b8-ac1f6b6435d0,0 23
3227cdf4-bac6-11e8-b2b7-ac1f6b6435d0,21 25
3230cac2-bad4-11e8-b2b8-ac1f6b6435d0,0 25 26
323314e6-bad2-11e8-b2b8-ac1f6b6435d0,17 18 25
3238ba5a-bacc-11e8-b2b8-ac1f6b6435d0,0 25
32390cf6-bac9-11e8-b2b8-ac1f6b6435d0,0 20
323afe0e-bad7-11e8-b2b9-ac1f6b6435d0,0 23
323be0e2-baca-11e8-b2b8-ac1f6b6435d0,0 25
323d3ebe-bac6-11e8-b2b7-ac1f6b6435d0,0 21
3253cffc-bad6-11e8-b2b9-ac1f6b6435d0,4
3256471e-bad1-11e8-b2b8-ac1f6b6435d0,0 1 24
3263b062-bacb-11e8-b2b8-ac1f6b6435d0,0 5 25
32647078-bad6-11e8-b2b9-ac1f6b6435d0,0 25
326e66f0-bad6-11e8-b2b9-ac1f6b6435d0,0 25
326ff754-bad6-11e8-b2b9-ac1f6b6435d0,25
3271cff2-bacc-11e8-b2b8-ac1f6b6435d0,0 2 25
3275e2c0-bac9-11e8-b2b8-ac1f6b6435d0,12
327a3cce-bada-11e8-b2b9-ac1f6b6435d0,17 25
327cb916-bacd-11e8-b2b8-ac1f6b6435d0,0 2 7 25
3288e9f4-bacb-11e8-b2b8-ac1f6b6435d0,21 25
328fe916-bacb-11e8-b2b8-ac1f6b6435d0,4
329fb7f4-bad2-11e8-b2b8-ac1f6b6435d0,0 22 25
32a4fc66-bac6-11e8-b2b7-ac1f6b6435d0,2 23
32ab86b4-bad3-11e8-b2b8-ac1f6b6435d0,0 25
32b404fa-baca-11e8-b2b8-ac1f6b6435d0,0
32c05ab8-bad7-11e8-b2b9-ac1f6b6435d0,0 25
32d23612-bad1-11e8-b2b8-ac1f6b6435d0,0 3
32d39d92-bacf-11e8-b2b8-ac1f6b6435d0,0 14 25
32d3db9c-bad7-11e8-b2b9-ac1f6b6435d0,25
32d5a17c-bad5-11e8-b2b8-ac1f6b6435d0,25
32d7a90e-bacb-11e8-b2b8-ac1f6b6435d0,23 25
32d95d2a-bad1-11e8-b2b8-ac1f6b6435d0,0 24
32dc96be-bace-11e8-b2b8-ac1f6b6435d0,0 25
32dedfd4-bad1-11e8-b2b8-ac1f6b6435d0,0 5 25
32fa6710-bad4-11e8-b2b8-ac1f6b6435d0,21 22
32feac02-bada-11e8-b2b9-ac1f6b6435d0,0 5 21 25
33032b92-bac6-11e8-b2b7-ac1f6b6435d0,0
33066572-bad6-11e8-b2b9-ac1f6b6435d0,0 21 25
330cce5a-bacf-11e8-b2b8-ac1f6b6435d0,0 4 25
330d248a-bacb-11e8-b2b8-ac1f6b6435d0,2 25
33197fb4-bac6-11e8-b2b7-ac1f6b6435d0,21
331f858e-bad1-11e8-b2b8-ac1f6b6435d0,0 5 21
3323fc06-bad4-11e8-b2b8-ac1f6b6435d0,0 18
332570bc-bada-11e8-b2b9-ac1f6b6435d0,0 25
3327d3f6-bacc-11e8-b2b8-ac1f6b6435d0,0
332e9962-bada-11e8-b2b9-ac1f6b6435d0,0 2 19
3330618e-bad0-11e8-b2b8-ac1f6b6435d0,0 23
3335403c-bad5-11e8-b2b8-ac1f6b6435d0,0
33389898-bad7-11e8-b2b9-ac1f6b6435d0,25
33434bbe-bacb-11e8-b2b8-ac1f6b6435d0,4
3348a052-bad8-11e8-b2b9-ac1f6b6435d0,23
334a0e26-bac7-11e8-b2b7-ac1f6b6435d0,0 25
334b550e-bace-11e8-b2b8-ac1f6b6435d0,0 25
33533f32-bacc-11e8-b2b8-ac1f6b6435d0,25
33544b0e-bad9-11e8-b2b9-ac1f6b6435d0,0 25 26
33559098-bac7-11e8-b2b7-ac1f6b6435d0,6
335a3a5c-bad7-11e8-b2b9-ac1f6b6435d0,0 25
335e14d2-bace-11e8-b2b8-ac1f6b6435d0,0 1 21 25
3362b956-bad8-11e8-b2b9-ac1f6b6435d0,19
336509f2-bada-11e8-b2b9-ac1f6b6435d0,2 25
337326d2-bad9-11e8-b2b9-ac1f6b6435d0,0 2 20
3373c21c-bacb-11e8-b2b8-ac1f6b6435d0,0 23
337f7d82-bad0-11e8-b2b8-ac1f6b6435d0,0 23
338d7ec0-bac9-11e8-b2b8-ac1f6b6435d0,0 11
33906f6e-bad2-11e8-b2b8-ac1f6b6435d0,0 17 25
33a0011e-bad1-11e8-b2b8-ac1f6b6435d0,0 19
33a5db6e-bac9-11e8-b2b8-ac1f6b6435d0,11 24
33a61714-bad3-11e8-b2b8-ac1f6b6435d0,0 25
33ab58e4-bada-11e8-b2b9-ac1f6b6435d0,0
33b00478-bacd-11e8-b2b8-ac1f6b6435d0,4
33b73aa0-bac7-11e8-b2b7-ac1f6b6435d0,0 1
33bd8638-bad3-11e8-b2b8-ac1f6b6435d0,0
33be4b6c-bad4-11e8-b2b8-ac1f6b6435d0,5
33bfa2ea-bada-11e8-b2b9-ac1f6b6435d0,21
33c714bc-bada-11e8-b2b9-ac1f6b6435d0,0 16
33cab936-bad1-11e8-b2b8-ac1f6b6435d0,25
33d6b10e-bacd-11e8-b2b8-ac1f6b6435d0,0
33dcd60e-baca-11e8-b2b8-ac1f6b6435d0,0 21
33f46de2-bace-11e8-b2b8-ac1f6b6435d0,2 14 16 25
33fe5e38-bad8-11e8-b2b9-ac1f6b6435d0,7
34081b80-bad8-11e8-b2b9-ac1f6b6435d0,0 1
34118896-bac9-11e8-b2b8-ac1f6b6435d0,3
341dc3b4-bad2-11e8-b2b8-ac1f6b6435d0,0 21 25
341f6caa-bacd-11e8-b2b8-ac1f6b6435d0,5 25
34203822-bad9-11e8-b2b9-ac1f6b6435d0,0 21
3420c44e-bad0-11e8-b2b8-ac1f6b6435d0,0 2 25
34237b30-bacb-11e8-b2b8-ac1f6b6435d0,0 2 16
3427fae8-bad0-11e8-b2b8-ac1f6b6435d0,20
342af0e0-bad5-11e8-b2b8-ac1f6b6435d0,13
342c9b34-bada-11e8-b2b9-ac1f6b6435d0,0 25
342cc252-bac7-11e8-b2b7-ac1f6b6435d0,0 19
342ecd1e-bad5-11e8-b2b8-ac1f6b6435d0,0 2
3435c9b4-bad7-11e8-b2b9-ac1f6b6435d0,7
34510376-bad4-11e8-b2b8-ac1f6b6435d0,21
34539fa6-bad8-11e8-b2b9-ac1f6b6435d0,0
3453c070-bad4-11e8-b2b8-ac1f6b6435d0,0 25
345b4456-bac7-11e8-b2b7-ac1f6b6435d0,0 2 23
345cdb10-bad9-11e8-b2b9-ac1f6b6435d0,0 3 7
345fc772-bad8-11e8-b2b9-ac1f6b6435d0,4
34624414-bacb-11e8-b2b8-ac1f6b6435d0,21 25
3466f126-bada-11e8-b2b9-ac1f6b6435d0,0 19
3473b02c-bad1-11e8-b2b8-ac1f6b6435d0,23 25
347bc0e2-bad0-11e8-b2b8-ac1f6b6435d0,14
34813962-bad2-11e8-b2b8-ac1f6b6435d0,21 25
3482537a-bad6-11e8-b2b9-ac1f6b6435d0,0 25
34832316-bad3-11e8-b2b8-ac1f6b6435d0,0
348451d6-baca-11e8-b2b8-ac1f6b6435d0,0 2
349dfd30-bac9-11e8-b2b8-ac1f6b6435d0,21 23
34a08e6c-bad6-11e8-b2b9-ac1f6b6435d0,0 19 25
34a909fc-bacc-11e8-b2b8-ac1f6b6435d0,0 1 21 25
34aa05de-bad4-11e8-b2b8-ac1f6b6435d0,3
34b4a110-bacf-11e8-b2b8-ac1f6b6435d0,0 25
34c21118-bacc-11e8-b2b8-ac1f6b6435d0,12 21 25
34c80ee2-bacc-11e8-b2b8-ac1f6b6435d0,18 19
34cebc8e-bada-11e8-b2b9-ac1f6b6435d0,0 21 25
34d748fc-bad2-11e8-b2b8-ac1f6b6435d0,7
34d90798-bada-11e8-b2b9-ac1f6b6435d0,2
34d96654-bad8-11e8-b2b9-ac1f6b6435d0,21
34e25562-bad2-11e8-b2b8-ac1f6b6435d0,0 2 24 25
34eefb88-bad6-11e8-b2b9-ac1f6b6435d0,0 21 25
34f2027c-bad3-11e8-b2b8-ac1f6b6435d0,0 25
34f82d9e-bad5-11e8-b2b8-ac1f6b6435d0,0 11
34f9e0ee-bad0-11e8-b2b8-ac1f6b6435d0,0 7
34fded86-bad2-11e8-b2b8-ac1f6b6435d0,0 25
3504d636-bace-11e8-b2b8-ac1f6b6435d0,21 25
350a06d0-bacc-11e8-b2b8-ac1f6b6435d0,5 25
3513161c-bac7-11e8-b2b7-ac1f6b6435d0,0 25
351a0204-bace-11e8-b2b8-ac1f6b6435d0,25
351b5378-bad5-11e8-b2b8-ac1f6b6435d0,0 5
351ea5f4-bad6-11e8-b2b9-ac1f6b6435d0,3
351f25ee-baca-11e8-b2b8-ac1f6b6435d0,22
351f5ae6-bad9-11e8-b2b9-ac1f6b6435d0,0
35208eb6-bad4-11e8-b2b8-ac1f6b6435d0,18 19
352530e2-baca-11e8-b2b8-ac1f6b6435d0,3 4
3539e7f8-bad4-11e8-b2b8-ac1f6b6435d0,20
353de16e-baca-11e8-b2b8-ac1f6b6435d0,0
354274ec-bacd-11e8-b2b8-ac1f6b6435d0,2 25
354eed00-bacb-11e8-b2b8-ac1f6b6435d0,0 25
35533764-bacd-11e8-b2b8-ac1f6b6435d0,0
355ef906-bad6-11e8-b2b9-ac1f6b6435d0,4
355ffdf2-bad5-11e8-b2b8-ac1f6b6435d0,14
356b3caa-bac9-11e8-b2b8-ac1f6b6435d0,0 25
357602fa-bad5-11e8-b2b8-ac1f6b6435d0,4 14
357a1566-bad5-11e8-b2b8-ac1f6b6435d0,0 26
35933d24-bacc-11e8-b2b8-ac1f6b6435d0,0
3594945c-bad2-11e8-b2b8-ac1f6b6435d0,0 25
359cfe54-bacc-11e8-b2b8-ac1f6b6435d0,6 25
35a23a7c-bad6-11e8-b2b9-ac1f6b6435d0,21 25
35aa1a8c-bad4-11e8-b2b8-ac1f6b6435d0,22
35ab3c42-bace-11e8-b2b8-ac1f6b6435d0,2 14 25
35ab823e-bad7-11e8-b2b9-ac1f6b6435d0,7 23
35b3d96c-bad1-11e8-b2b8-ac1f6b6435d0,0 7 25
35b40208-bad5-11e8-b2b8-ac1f6b6435d0,0 23
35b54e3e-bacf-11e8-b2b8-ac1f6b6435d0,12 14 25
35b7c74e-bac6-11e8-b2b7-ac1f6b6435d0,0 7 25
35be149a-bac7-11e8-b2b7-ac1f6b6435d0,0 2
35c42ad8-bad1-11e8-b2b8-ac1f6b6435d0,0 1 21
35c5371c-bacb-11e8-b2b8-ac1f6b6435d0,0 5
35cb69c2-bac9-11e8-b2b8-ac1f6b6435d0,0 2 19
35d0e788-bada-11e8-b2b9-ac1f6b6435d0,0
35d3813a-bacd-11e8-b2b8-ac1f6b6435d0,0 14 25
35d7a440-bad2-11e8-b2b8-ac1f6b6435d0,0 2
35da4448-bacd-11e8-b2b8-ac1f6b6435d0,0 7
35dac386-bad3-11e8-b2b8-ac1f6b6435d0,0 18
35dca790-bacf-11e8-b2b8-ac1f6b6435d0,0 25
35dd7900-bad3-11e8-b2b8-ac1f6b6435d0,0 20
35de94b6-bace-11e8-b2b8-ac1f6b6435d0,7
35e3ecbe-bad7-11e8-b2b9-ac1f6b6435d0,7
35e703be-bad6-11e8-b2b9-ac1f6b6435d0,0 2 25
35f3b07e-bad5-11e8-b2b8-ac1f6b6435d0,0 4
35f4caa8-bad1-11e8-b2b8-ac1f6b6435d0,0 7 18
360e5212-bad0-11e8-b2b8-ac1f6b6435d0,0 18 19 25
3610f9cc-bac6-11e8-b2b7-ac1f6b6435d0,0 7
3613c84e-bad7-11e8-b2b9-ac1f6b6435d0,14 17 25
36152f08-bad3-11e8-b2b8-ac1f6b6435d0,0 7
361decc2-bacb-11e8-b2b8-ac1f6b6435d0,0 2 25
362025d4-bac9-11e8-b2b8-ac1f6b6435d0,0 2 22
362049ea-bac6-11e8-b2b7-ac1f6b6435d0,0 1 25
3625ab50-bacc-11e8-b2b8-ac1f6b6435d0,0 2 23 25
3625b3e4-bad5-11e8-b2b8-ac1f6b6435d0,2
36273be0-bacd-11e8-b2b8-ac1f6b6435d0,5
36274772-bad0-11e8-b2b8-ac1f6b6435d0,0 25
36294940-bac7-11e8-b2b7-ac1f6b6435d0,0 1 25
36349b14-bad7-11e8-b2b9-ac1f6b6435d0,25
3649f3ac-bacc-11e8-b2b8-ac1f6b6435d0,0 1
364ca10e-bace-11e8-b2b8-ac1f6b6435d0,0 5
3651b162-bad8-11e8-b2b9-ac1f6b6435d0,0 25
3652cba6-bace-11e8-b2b8-ac1f6b6435d0,6 25
36573b30-bac6-11e8-b2b7-ac1f6b6435d0,0
366211e6-bacf-11e8-b2b8-ac1f6b6435d0,0 14 16 17
366ca258-bac7-11e8-b2b7-ac1f6b6435d0,6
3671ee9c-bad2-11e8-b2b8-ac1f6b6435d0,0 2
368079a0-bac6-11e8-b2b7-ac1f6b6435d0,21 23
368b266a-bacc-11e8-b2b8-ac1f6b6435d0,7 21
369136d4-bac9-11e8-b2b8-ac1f6b6435d0,11
3692f6f0-bad2-11e8-b2b8-ac1f6b6435d0,0 21
36930150-bacc-11e8-b2b8-ac1f6b6435d0,2
3694d2c4-bac6-11e8-b2b7-ac1f6b6435d0,0 1
36a7efbc-bada-11e8-b2b9-ac1f6b6435d0,14
36a81458-bad8-11e8-b2b9-ac1f6b6435d0,0 1 2
36b3e08c-bac7-11e8-b2b7-ac1f6b6435d0,2
36bdd9c8-bad3-11e8-b2b8-ac1f6b6435d0,2
36c0001a-bad1-11e8-b2b8-ac1f6b6435d0,0 22 23
36c17d06-bad5-11e8-b2b8-ac1f6b6435d0,1
36c52c44-bacb-11e8-b2b8-ac1f6b6435d0,23
36c65dea-bad9-11e8-b2b9-ac1f6b6435d0,4
36cacf1e-bada-11e8-b2b9-ac1f6b6435d0,0 1
36d4ca6e-bad5-11e8-b2b8-ac1f6b6435d0,0
36e053e8-bac6-11e8-b2b7-ac1f6b6435d0,13
36e1cd7e-bad8-11e8-b2b9-ac1f6b6435d0,0 14
36e3f522-bace-11e8-b2b8-ac1f6b6435d0,0 5
36e4c8d4-baca-11e8-b2b8-ac1f6b6435d0,0 25
36f0c0a0-bad2-11e8-b2b8-ac1f6b6435d0,0 25
3706caf6-bad4-11e8-b2b8-ac1f6b6435d0,0 21 25
3712deb2-bad0-11e8-b2b8-ac1f6b6435d0,0 12
37136908-bacc-11e8-b2b8-ac1f6b6435d0,0 2 25
3720532a-bac7-11e8-b2b7-ac1f6b6435d0,0 5 18 19
37262d1a-bad9-11e8-b2b9-ac1f6b6435d0,21 25
3726727a-baca-11e8-b2b8-ac1f6b6435d0,0 12
3728a542-bacd-11e8-b2b8-ac1f6b6435d0,0 14
372d851a-bad4-11e8-b2b8-ac1f6b6435d0,0 7
37355fda-bad7-11e8-b2b9-ac1f6b6435d0,0 18 25
37363c70-bacd-11e8-b2b8-ac1f6b6435d0,0 26
3739828a-bac9-11e8-b2b8-ac1f6b6435d0,23 25
37414e00-bad5-11e8-b2b8-ac1f6b6435d0,0 24
3750dbec-bad3-11e8-b2b8-ac1f6b6435d0,2 14 25
375835d0-bacf-11e8-b2b8-ac1f6b6435d0,7 18 25
3761fd62-bad0-11e8-b2b8-ac1f6b6435d0,0 23
376baba0-bacb-11e8-b2b8-ac1f6b6435d0,25
376f1e4e-bad9-11e8-b2b9-ac1f6b6435d0,0 25
377082f6-bacb-11e8-b2b8-ac1f6b6435d0,0 11
3774cc7c-bad9-11e8-b2b9-ac1f6b6435d0,0 23
3778639c-bac9-11e8-b2b8-ac1f6b6435d0,11
3779dfa2-bad7-11e8-b2b9-ac1f6b6435d0,21 22
377b5aa6-bacf-11e8-b2b8-ac1f6b6435d0,0 7
377b60f4-bad5-11e8-b2b8-ac1f6b6435d0,0 7 21
377eef0e-bad4-11e8-b2b8-ac1f6b6435d0,0 21 25
37845b02-bac9-11e8-b2b8-ac1f6b6435d0,5
37857a98-bad6-11e8-b2b9-ac1f6b6435d0,0 25
3789d7f8-bad3-11e8-b2b8-ac1f6b6435d0,0 1 7
378c589a-bad1-11e8-b2b8-ac1f6b6435d0,23
3798073c-baca-11e8-b2b8-ac1f6b6435d0,23
379ca358-bac7-11e8-b2b7-ac1f6b6435d0,6 7 25
37c6a93a-bac9-11e8-b2b8-ac1f6b6435d0,2 18 19
37d3f300-baca-11e8-b2b8-ac1f6b6435d0,0 2 25
37d6f432-bacb-11e8-b2b8-ac1f6b6435d0,0 2 25
37d91f46-bad5-11e8-b2b8-ac1f6b6435d0,0 14
37db60b8-baca-11e8-b2b8-ac1f6b6435d0,11
37dcb5fe-bad8-11e8-b2b9-ac1f6b6435d0,0 1
37fe16ae-bad3-11e8-b2b8-ac1f6b6435d0,25
38034f60-bad9-11e8-b2b9-ac1f6b6435d0,0 2 12 25
38047968-bac9-11e8-b2b8-ac1f6b6435d0,0 19
38065c9c-bad3-11e8-b2b8-ac1f6b6435d0,22
380f22fc-bad1-11e8-b2b8-ac1f6b6435d0,7
38142534-bace-11e8-b2b8-ac1f6b6435d0,0 21 25
381a207a-bad7-11e8-b2b9-ac1f6b6435d0,0 1 5
3821de2c-bace-11e8-b2b8-ac1f6b6435d0,0 21 25
3825f05a-bac6-11e8-b2b7-ac1f6b6435d0,0 22 25
38283bca-bad6-11e8-b2b9-ac1f6b6435d0,2
382ed616-bada-11e8-b2b9-ac1f6b6435d0,23 25
383003ce-bad0-11e8-b2b8-ac1f6b6435d0,16 17 25
3830be56-bad8-11e8-b2b9-ac1f6b6435d0,11
3834d746-bacb-11e8-b2b8-ac1f6b6435d0,0 25
383b78ec-bad2-11e8-b2b8-ac1f6b6435d0,21 25
384ba0d4-bacb-11e8-b2b8-ac1f6b6435d0,0 7 23
3855197a-bad5-11e8-b2b8-ac1f6b6435d0,0 21 25
3858d9c6-bad9-11e8-b2b9-ac1f6b6435d0,0
3863b436-bad9-11e8-b2b9-ac1f6b6435d0,0
38660a18-bacc-11e8-b2b8-ac1f6b6435d0,0 11
3867a972-bacc-11e8-b2b8-ac1f6b6435d0,23
3869bf5e-bad7-11e8-b2b9-ac1f6b6435d0,16 17 18 25
386b313c-bacc-11e8-b2b8-ac1f6b6435d0,23
38775b3a-bacf-11e8-b2b8-ac1f6b6435d0,0 5
388524d2-bad3-11e8-b2b8-ac1f6b6435d0,24 25
388f2562-bacf-11e8-b2b8-ac1f6b6435d0,0 24
38906990-baca-11e8-b2b8-ac1f6b6435d0,25
38949458-bace-11e8-b2b8-ac1f6b6435d0,0 19
389b9d58-bad7-11e8-b2b9-ac1f6b6435d0,0 25
38a21032-bacf-11e8-b2b8-ac1f6b6435d0,5
38a558ea-bacb-11e8-b2b8-ac1f6b6435d0,21 25
38a963a4-bac6-11e8-b2b7-ac1f6b6435d0,0 21
38b09868-bad0-11e8-b2b8-ac1f6b6435d0,14
38b50bd8-bad9-11e8-b2b9-ac1f6b6435d0,0 21
38b5f9c6-bad9-11e8-b2b9-ac1f6b6435d0,0 11 25
38c679ba-bad2-11e8-b2b8-ac1f6b6435d0,25
38cb15fa-bad3-11e8-b2b8-ac1f6b6435d0,0 7
38cf6dda-bad8-11e8-b2b9-ac1f6b6435d0,25
38d60e9a-bad0-11e8-b2b8-ac1f6b6435d0,24
38e63464-bada-11e8-b2b9-ac1f6b6435d0,0 13
38e6ed7a-bac9-11e8-b2b8-ac1f6b6435d0,
38e8a7f2-bad1-11e8-b2b8-ac1f6b6435d0,0 4 25
38f55b06-bad0-11e8-b2b8-ac1f6b6435d0,0 22 25
38fa88b4-bad6-11e8-b2b9-ac1f6b6435d0,4
38fc3ab2-baca-11e8-b2b8-ac1f6b6435d0,23
38fc4fa4-bacd-11e8-b2b8-ac1f6b6435d0,0 25
38fcb04e-bad1-11e8-b2b8-ac1f6b6435d0,0
39003bfc-bad5-11e8-b2b8-ac1f6b6435d0,0 1
39046bf4-bac7-11e8-b2b7-ac1f6b6435d0,0
3906732e-bad4-11e8-b2b8-ac1f6b6435d0,0 2
39070ed4-bad8-11e8-b2b9-ac1f6b6435d0,0
390c7196-bad1-11e8-b2b8-ac1f6b6435d0,0 11
390d1bf6-bad0-11e8-b2b8-ac1f6b6435d0,0 23
3913aa62-bad9-11e8-b2b9-ac1f6b6435d0,0 25
391f04e2-bada-11e8-b2b9-ac1f6b6435d0,3 23
3921fe02-bad2-11e8-b2b8-ac1f6b6435d0,0 25
392c9f04-baca-11e8-b2b8-ac1f6b6435d0,21 22
392eb63e-bad6-11e8-b2b9-ac1f6b6435d0,0
39333ae6-bad2-11e8-b2b8-ac1f6b6435d0,0 2 17 25
39376b70-bacd-11e8-b2b8-ac1f6b6435d0,25
394298ca-bacc-11e8-b2b8-ac1f6b6435d0,4
39457c3a-bad0-11e8-b2b8-ac1f6b6435d0,18 24
3946f264-bacf-11e8-b2b8-ac1f6b6435d0,0 5
3948cece-bad2-11e8-b2b8-ac1f6b6435d0,0 25
3949cb18-bad1-11e8-b2b8-ac1f6b6435d0,0 2 3
394fbca6-bad8-11e8-b2b9-ac1f6b6435d0,23
39508fe6-bad3-11e8-b2b8-ac1f6b6435d0,0 16
3958876e-bace-11e8-b2b8-ac1f6b6435d0,0 4 5
395b4f64-bac7-11e8-b2b7-ac1f6b6435d0,0 2
395fbf2e-bacf-11e8-b2b8-ac1f6b6435d0,7 18
39695f62-bad3-11e8-b2b8-ac1f6b6435d0,0 17 21
39708ab2-bac9-11e8-b2b8-ac1f6b6435d0,
39771db0-bacd-11e8-b2b8-ac1f6b6435d0,18 19
39795ac2-bac7-11e8-b2b7-ac1f6b6435d0,11
397c3d4e-bac9-11e8-b2b8-ac1f6b6435d0,0 26
397cdbf0-bad8-11e8-b2b9-ac1f6b6435d0,3
398e5696-bad8-11e8-b2b9-ac1f6b6435d0,0 2 21 25
39917f02-bad7-11e8-b2b9-ac1f6b6435d0,0
39976938-bad4-11e8-b2b8-ac1f6b6435d0,0 17 25
399e6074-bad6-11e8-b2b9-ac1f6b6435d0,14
39a09ea4-bad4-11e8-b2b8-ac1f6b6435d0,14 25
39a2cefa-bad8-11e8-b2b9-ac1f6b6435d0,0 25
39a5c4b0-baca-11e8-b2b8-ac1f6b6435d0,0 23
39a88b6a-bad3-11e8-b2b8-ac1f6b6435d0,0 1
39ab94fc-bad5-11e8-b2b8-ac1f6b6435d0,11
39b0b7fe-bad3-11e8-b2b8-ac1f6b6435d0,21
39b6fe32-bad0-11e8-b2b8-ac1f6b6435d0,7
39b90e4c-bac7-11e8-b2b7-ac1f6b6435d0,25
39b98012-bacb-11e8-b2b8-ac1f6b6435d0,0 25
39b9a024-bac6-11e8-b2b7-ac1f6b6435d0,0 11
39bbf81c-bad8-11e8-b2b9-ac1f6b6435d0,25
39c2239c-bacc-11e8-b2b8-ac1f6b6435d0,0 25
39cd2820-bad4-11e8-b2b8-ac1f6b6435d0,0 7 15
39d27554-bada-11e8-b2b9-ac1f6b6435d0,0 7
39d6b0a0-bad1-11e8-b2b8-ac1f6b6435d0,0 21 25
39d745ba-bacc-11e8-b2b8-ac1f6b6435d0,0 12
39db2936-bad2-11e8-b2b8-ac1f6b6435d0,5
39e56a7c-bad2-11e8-b2b8-ac1f6b6435d0,0
39e585a0-bacf-11e8-b2b8-ac1f6b6435d0,0 2 5 25
39ea05f8-baca-11e8-b2b8-ac1f6b6435d0,0 3
39ea1a5a-bad1-11e8-b2b8-ac1f6b6435d0,25
39fde3c8-bac7-11e8-b2b7-ac1f6b6435d0,0 1 25
3a0a69ba-bad4-11e8-b2b8-ac1f6b6435d0,23
3a148b76-bad3-11e8-b2b8-ac1f6b6435d0,0 25
3a207826-bacb-11e8-b2b8-ac1f6b6435d0,21
3a20b9ee-bad5-11e8-b2b8-ac1f6b6435d0,0 7
3a23c52a-bad1-11e8-b2b8-ac1f6b6435d0,0 23
3a2c8c8e-bad9-11e8-b2b9-ac1f6b6435d0,7
3a37579a-bad4-11e8-b2b8-ac1f6b6435d0,0 12
3a45a49a-bad3-11e8-b2b8-ac1f6b6435d0,25
3a466a8c-bad9-11e8-b2b9-ac1f6b6435d0,14 25
3a53ecca-bad4-11e8-b2b8-ac1f6b6435d0,0 22
3a58c5fe-bad6-11e8-b2b9-ac1f6b6435d0,0 2
3a6682fa-bac9-11e8-b2b8-ac1f6b6435d0,0 2
3a6b67f6-bad4-11e8-b2b8-ac1f6b6435d0,6 25
3a6e4dd2-bad3-11e8-b2b8-ac1f6b6435d0,0 25
3a719a78-bac9-11e8-b2b8-ac1f6b6435d0,0
3a93ac38-bacb-11e8-b2b8-ac1f6b6435d0,0 7 11 21 25
3a9cd49c-bacc-11e8-b2b8-ac1f6b6435d0,0 23
3a9ebc54-bad0-11e8-b2b8-ac1f6b6435d0,11
3aa0b622-bacf-11e8-b2b8-ac1f6b6435d0,0 17 18 21 25
3aa25fdc-bad3-11e8-b2b8-ac1f6b6435d0,0 25
3ab4d7f4-bac7-11e8-b2b7-ac1f6b6435d0,22
3abd376e-bac7-11e8-b2b7-ac1f6b6435d0,0 25
3ac59b70-bacc-11e8-b2b8-ac1f6b6435d0,7 18 25
3acae000-bacf-11e8-b2b8-ac1f6b6435d0,0 25
3ad01f9a-bacd-11e8-b2b8-ac1f6b6435d0,2 13 21
3ad925d6-bad2-11e8-b2b8-ac1f6b6435d0,0 21 23
3adb860c-bad0-11e8-b2b8-ac1f6b6435d0,25
3adf5226-bad2-11e8-b2b8-ac1f6b6435d0,26
3ae526b2-bad5-11e8-b2b8-ac1f6b6435d0,0 21
3aeb4cc2-bad0-11e8-b2b8-ac1f6b6435d0,0 5
3aeb75b0-bad7-11e8-b2b9-ac1f6b6435d0,0
3af3b4e0-bac9-11e8-b2b8-ac1f6b6435d0,0
3af49f84-bada-11e8-b2b9-ac1f6b6435d0,0 4
3afcdad2-bac6-11e8-b2b7-ac1f6b6435d0,0
3b02b1e6-bad5-11e8-b2b8-ac1f6b6435d0,4 5 25
3b13cde2-bad9-11e8-b2b9-ac1f6b6435d0,23
3b1b5256-bacf-11e8-b2b8-ac1f6b6435d0,0 25
3b1f4292-bad6-11e8-b2b9-ac1f6b6435d0,0 25
3b215376-bac6-11e8-b2b7-ac1f6b6435d0,2 25
3b2792c8-bad9-11e8-b2b9-ac1f6b6435d0,4
3b2ce08a-bad3-11e8-b2b8-ac1f6b6435d0,0 25
3b2d1274-bacb-11e8-b2b8-ac1f6b6435d0,0
3b2e8ea4-bacd-11e8-b2b8-ac1f6b6435d0,2 3 25
3b337538-bad5-11e8-b2b8-ac1f6b6435d0,0 25
3b33763c-bad5-11e8-b2b9-ac1f6b6435d0,0 2 25
3b349cea-bad2-11e8-b2b8-ac1f6b6435d0,2 25
3b3954a6-bacd-11e8-b2b8-ac1f6b6435d0,0 2 25
3b3ba466-bad9-11e8-b2b9-ac1f6b6435d0,14
3b444568-bace-11e8-b2b8-ac1f6b6435d0,0 21 22
3b5f1b36-bace-11e8-b2b8-ac1f6b6435d0,19
3b6049fa-bad5-11e8-b2b9-ac1f6b6435d0,17 18 25
3b760298-bacd-11e8-b2b8-ac1f6b6435d0,24
3b7c0cee-bacb-11e8-b2b8-ac1f6b6435d0,0 22
3b8f7c22-bace-11e8-b2b8-ac1f6b6435d0,23 25
3ba740b4-bace-11e8-b2b8-ac1f6b6435d0,11
3bb2147e-bad0-11e8-b2b8-ac1f6b6435d0,0 2
3bb6f9a4-bad9-11e8-b2b9-ac1f6b6435d0,0 25
3bbc6108-bad1-11e8-b2b8-ac1f6b6435d0,0 21 25
3bc48842-bad1-11e8-b2b8-ac1f6b6435d0,1
3bc80636-baca-11e8-b2b8-ac1f6b6435d0,0 2 25
3bce58e2-bacf-11e8-b2b8-ac1f6b6435d0,24
3bcf5ad0-baca-11e8-b2b8-ac1f6b6435d0,5
3bdc2406-bad7-11e8-b2b9-ac1f6b6435d0,0 21 25
3be5ac60-bad7-11e8-b2b9-ac1f6b6435d0,0 5 25
3bed3c5c-bacb-11e8-b2b8-ac1f6b6435d0,0 1
3bf2f9ae-baca-11e8-b2b8-ac1f6b6435d0,0 25
3bfd5488-bad6-11e8-b2b9-ac1f6b6435d0,0 18 19
3c0df648-bad7-11e8-b2b9-ac1f6b6435d0,0 5 25
3c151aa8-bac9-11e8-b2b8-ac1f6b6435d0,25
3c1b3102-bad0-11e8-b2b8-ac1f6b6435d0,0 25
3c1f19ce-bacc-11e8-b2b8-ac1f6b6435d0,23
3c2269ac-bad2-11e8-b2b8-ac1f6b6435d0,0 7 11 25
3c23ad52-bad8-11e8-b2b9-ac1f6b6435d0,0 25
3c2ecad8-bacf-11e8-b2b8-ac1f6b6435d0,24 25
3c451ba4-bac9-11e8-b2b8-ac1f6b6435d0,0 19
3c47925c-bad4-11e8-b2b8-ac1f6b6435d0,0
3c4cfd3c-baca-11e8-b2b8-ac1f6b6435d0,12
3c4f3c48-bacd-11e8-b2b8-ac1f6b6435d0,14
3c512488-bada-11e8-b2b9-ac1f6b6435d0,0 25
3c61e106-bada-11e8-b2b9-ac1f6b6435d0,0 17 25
3c65674a-bada-11e8-b2b9-ac1f6b6435d0,0 2
3c65901c-bad5-11e8-b2b9-ac1f6b6435d0,13 25
3c66312e-bac7-11e8-b2b7-ac1f6b6435d0,0 5
3c6fc7b8-bacf-11e8-b2b8-ac1f6b6435d0,23 25
3c759082-bacd-11e8-b2b8-ac1f6b6435d0,3
3c80327a-bad3-11e8-b2b8-ac1f6b6435d0,0 22
3c8b5f20-bacd-11e8-b2b8-ac1f6b6435d0,0 2 25
3c91eacc-bad0-11e8-b2b8-ac1f6b6435d0,0
3c9c8f16-bacd-11e8-b2b8-ac1f6b6435d0,0 5 25
3ca41c7c-bad7-11e8-b2b9-ac1f6b6435d0,0 2
3caa2e02-bac6-11e8-b2b7-ac1f6b6435d0,0 1
3cb4866c-bad1-11e8-b2b8-ac1f6b6435d0,2 25
3cba1cf2-bad7-11e8-b2b9-ac1f6b6435d0,7 25
3cbc1556-bad3-11e8-b2b8-ac1f6b6435d0,0
3cc7d01a-bac6-11e8-b2b7-ac1f6b6435d0,14 17 25
3cce3b34-bad1-11e8-b2b8-ac1f6b6435d0,0 2
3cd8cc9a-baca-11e8-b2b8-ac1f6b6435d0,0 2
3cdda308-bad1-11e8-b2b8-ac1f6b6435d0,0 25
3ce2b1be-bada-11e8-b2b9-ac1f6b6435d0,19
3ce2b1d0-bad7-11e8-b2b9-ac1f6b6435d0,0 25
3ce31068-bad1-11e8-b2b8-ac1f6b6435d0,7 23
3cea9fcc-bad6-11e8-b2b9-ac1f6b6435d0,0 19
3ceb3d9e-bacf-11e8-b2b8-ac1f6b6435d0,0 7 14
3cfe122a-bad4-11e8-b2b8-ac1f6b6435d0,0 20
3cff0dae-bac7-11e8-b2b7-ac1f6b6435d0,0 19 25
3cff477a-bacb-11e8-b2b8-ac1f6b6435d0,21
3d003dd0-bace-11e8-b2b8-ac1f6b6435d0,21 22
3d042cb2-bacc-11e8-b2b8-ac1f6b6435d0,0 3 11
3d12f968-bad6-11e8-b2b9-ac1f6b6435d0,6
3d139f5c-bad2-11e8-b2b8-ac1f6b6435d0,0 5 25
3d17d37c-baca-11e8-b2b8-ac1f6b6435d0,0 1
3d19b042-bacb-11e8-b2b8-ac1f6b6435d0,2
3d1f27ac-bad0-11e8-b2b8-ac1f6b6435d0,4
3d20f14a-bad0-11e8-b2b8-ac1f6b6435d0,0 5 25
3d24bf54-bac7-11e8-b2b7-ac1f6b6435d0,0
3d2ab5f0-baca-11e8-b2b8-ac1f6b6435d0,0
3d36ade6-bada-11e8-b2b9-ac1f6b6435d0,4 22
3d436888-bac6-11e8-b2b7-ac1f6b6435d0,0 2 23
3d49f142-bacd-11e8-b2b8-ac1f6b6435d0,20
3d4e54e6-bac6-11e8-b2b7-ac1f6b6435d0,0 17 25
3d5d21ac-bad4-11e8-b2b8-ac1f6b6435d0,0 22
3d5e183c-bad4-11e8-b2b8-ac1f6b6435d0,2 25
3d6eb12c-bac7-11e8-b2b7-ac1f6b6435d0,0
3d7306aa-bad1-11e8-b2b8-ac1f6b6435d0,0 25
3d77d404-bad2-11e8-b2b8-ac1f6b6435d0,0
3d798344-bad2-11e8-b2b8-ac1f6b6435d0,0 2
3d7a041a-bad5-11e8-b2b9-ac1f6b6435d0,0 25
3d81c4a0-bac8-11e8-b2b7-ac1f6b6435d0,0
3d82707e-bad9-11e8-b2b9-ac1f6b6435d0,25
3d834d52-bacd-11e8-b2b8-ac1f6b6435d0,0 18
3d845e6a-bac6-11e8-b2b7-ac1f6b6435d0,0 23 25
3d8474dc-bad4-11e8-b2b8-ac1f6b6435d0,5
3d8b8736-bad4-11e8-b2b8-ac1f6b6435d0,0 25
3d930db2-bacf-11e8-b2b8-ac1f6b6435d0,0 25
3da7dc4a-bacc-11e8-b2b8-ac1f6b6435d0,0 16 17 25
3dacdd8a-bac7-11e8-b2b7-ac1f6b6435d0,0
3db15dc0-bada-11e8-b2b9-ac1f6b6435d0,0 25
3dbb2c5c-bad9-11e8-b2b9-ac1f6b6435d0,2 21 25
3dbd793e-bacb-11e8-b2b8-ac1f6b6435d0,0 25
3dc01bbc-bac6-11e8-b2b7-ac1f6b6435d0,0 12
3dcfe32a-bad1-11e8-b2b8-ac1f6b6435d0,2 21 25
3dd52334-bacd-11e8-b2b8-ac1f6b6435d0,2 25
3dd56980-bad1-11e8-b2b8-ac1f6b6435d0,0 3 5
3ddcd1ce-bacd-11e8-b2b8-ac1f6b6435d0,18 19
3de05896-bac6-11e8-b2b7-ac1f6b6435d0,0 25
3de2ed84-bac8-11e8-b2b7-ac1f6b6435d0,0 4 21
3de763f8-bad9-11e8-b2b9-ac1f6b6435d0,0 2
3de954f4-bad1-11e8-b2b8-ac1f6b6435d0,11 25
3df2241a-bad3-11e8-b2b8-ac1f6b6435d0,0 19
3df2caa0-bad3-11e8-b2b8-ac1f6b6435d0,0 25
3dffb86e-bace-11e8-b2b8-ac1f6b6435d0,0 3 25
3e016f6e-baca-11e8-b2b8-ac1f6b6435d0,0 25
3e163322-bad9-11e8-b2b9-ac1f6b6435d0,0 13 23
3e1d64bc-bacf-11e8-b2b8-ac1f6b6435d0,0 18 19 25
3e1e48b4-bad4-11e8-b2b8-ac1f6b6435d0,0 25
3e25009a-bada-11e8-b2b9-ac1f6b6435d0,21
3e283286-bad7-11e8-b2b9-ac1f6b6435d0,
3e28f8da-bacb-11e8-b2b8-ac1f6b6435d0,0 25
3e2c25e8-bace-11e8-b2b8-ac1f6b6435d0,3
3e35c954-bad8-11e8-b2b9-ac1f6b6435d0,2 12 25
3e3c482c-bac6-11e8-b2b7-ac1f6b6435d0,21 25
3e4456da-bacf-11e8-b2b8-ac1f6b6435d0,21 25
3e48b9f6-bace-11e8-b2b8-ac1f6b6435d0,0 23
3e53ad0e-bacc-11e8-b2b8-ac1f6b6435d0,0 25
3e5cfaf0-bacf-11e8-b2b8-ac1f6b6435d0,0 5 7
3e66a84a-bac8-11e8-b2b7-ac1f6b6435d0,26
3e6b60c6-bac6-11e8-b2b7-ac1f6b6435d0,0 2
3e6fea40-bac8-11e8-b2b7-ac1f6b6435d0,1
3e7425aa-bace-11e8-b2b8-ac1f6b6435d0,0 1 25
3e84e3a2-bad0-11e8-b2b8-ac1f6b6435d0,0 25
3e85999e-bac8-11e8-b2b7-ac1f6b6435d0,25
3e88bbd0-bad0-11e8-b2b8-ac1f6b6435d0,0
3e8ed6d0-bacd-11e8-b2b8-ac1f6b6435d0,19 25
3e95f238-baca-11e8-b2b8-ac1f6b6435d0,0 25
3e9c4704-bada-11e8-b2b9-ac1f6b6435d0,21 25
3e9d4148-bad2-11e8-b2b8-ac1f6b6435d0,0 25
3e9e477c-bac9-11e8-b2b8-ac1f6b6435d0,0 17 25
3ec4b47e-bacf-11e8-b2b8-ac1f6b6435d0,11 21
3ec77006-bad4-11e8-b2b8-ac1f6b6435d0,0 5 25
3ed15948-bad6-11e8-b2b9-ac1f6b6435d0,2
3eda67e8-bac9-11e8-b2b8-ac1f6b6435d0,0 21 25
3edf2b1c-bac8-11e8-b2b7-ac1f6b6435d0,2 25
3ee1e428-bace-11e8-b2b8-ac1f6b6435d0,0 7
3ee34cc4-bad7-11e8-b2b9-ac1f6b6435d0,26
3ee34ffe-bad1-11e8-b2b8-ac1f6b6435d0,4 25
3ee4d290-bad4-11e8-b2b8-ac1f6b6435d0,25
3ee59030-bacb-11e8-b2b8-ac1f6b6435d0,19 23
3ee60ae0-bad2-11e8-b2b8-ac1f6b6435d0,0 1
3ee79694-bac8-11e8-b2b7-ac1f6b6435d0,0 2
3eec24ce-bace-11e8-b2b8-ac1f6b6435d0,0 21 25
3eef5958-bacb-11e8-b2b8-ac1f6b6435d0,0 22
3ef0e172-bad7-11e8-b2b9-ac1f6b6435d0,0 7 23
3ef1c27e-bad5-11e8-b2b9-ac1f6b6435d0,6 11 25
3eff9492-bad2-11e8-b2b8-ac1f6b6435d0,0 21
3f00a266-bac7-11e8-b2b7-ac1f6b6435d0,0 23 25
3f00e0c8-bad1-11e8-b2b8-ac1f6b6435d0,0 2
3f01290a-bace-11e8-b2b8-ac1f6b6435d0,7
3f0d0104-bac8-11e8-b2b7-ac1f6b6435d0,5
3f1c04f6-bac8-11e8-b2b7-ac1f6b6435d0,13
3f1c6bb2-bad7-11e8-b2b9-ac1f6b6435d0,0 7
3f1cffda-bad4-11e8-b2b8-ac1f6b6435d0,0 2 3
3f21669e-bad2-11e8-b2b8-ac1f6b6435d0,0 25
3f24a7ee-bad4-11e8-b2b8-ac1f6b6435d0,0 1
3f2b9622-bac9-11e8-b2b8-ac1f6b6435d0,2 21 25
3f2c0824-bac8-11e8-b2b7-ac1f6b6435d0,0 21 25
3f2d45a8-bac9-11e8-b2b8-ac1f6b6435d0,0 1
3f31506e-bad6-11e8-b2b9-ac1f6b6435d0,4
3f32b622-bad9-11e8-b2b9-ac1f6b6435d0,0 21
3f3bf87e-bac8-11e8-b2b7-ac1f6b6435d0,0 22
3f3cc6ce-bacc-11e8-b2b8-ac1f6b6435d0,0 5 23
3f47ab68-bad9-11e8-b2b9-ac1f6b6435d0,0 5
3f48609a-bad3-11e8-b2b8-ac1f6b6435d0,0 5
3f53e9d6-bacb-11e8-b2b8-ac1f6b6435d0,0 21 22
3f569d9c-bad6-11e8-b2b9-ac1f6b6435d0,23
3f57e4e0-bad6-11e8-b2b9-ac1f6b6435d0,19
3f590b7e-baca-11e8-b2b8-ac1f6b6435d0,0 3 21 25
3f5b0e2a-bac9-11e8-b2b8-ac1f6b6435d0,0 2 25
3f5b5936-bacc-11e8-b2b8-ac1f6b6435d0,21
3f5c6626-bace-11e8-b2b8-ac1f6b6435d0,0 2
3f626450-bacd-11e8-b2b8-ac1f6b6435d0,8 23
3f687170-bad6-11e8-b2b9-ac1f6b6435d0,21 23 25
3f69fd9a-bace-11e8-b2b8-ac1f6b6435d0,0 23
3f6a1b06-bacc-11e8-b2b8-ac1f6b6435d0,0 5 25
3f6da24c-bad8-11e8-b2b9-ac1f6b6435d0,0 3 25
3f722964-bada-11e8-b2b9-ac1f6b6435d0,0 2
3f7be258-bad8-11e8-b2b9-ac1f6b6435d0,2 14
3f812b2c-bad4-11e8-b2b8-ac1f6b6435d0,0 2 25
3f859674-bad1-11e8-b2b8-ac1f6b6435d0,0 7
3f86dca2-bacf-11e8-b2b8-ac1f6b6435d0,14 16 17 21 25
3f8879b4-bac9-11e8-b2b8-ac1f6b6435d0,0
3f930686-bad8-11e8-b2b9-ac1f6b6435d0,0 19
3f9469a6-bad1-11e8-b2b8-ac1f6b6435d0,6
3f9feb76-bad8-11e8-b2b9-ac1f6b6435d0,11 23 25
3fa8c038-bad9-11e8-b2b9-ac1f6b6435d0,0 7 25
3fae0494-baca-11e8-b2b8-ac1f6b6435d0,14
3faff182-baca-11e8-b2b8-ac1f6b6435d0,0 21 25
3fb41750-bac8-11e8-b2b7-ac1f6b6435d0,0 12
3fb8aaee-bace-11e8-b2b8-ac1f6b6435d0,0 21 25
3fc00b8a-bad4-11e8-b2b8-ac1f6b6435d0,1
3fc238f4-bad6-11e8-b2b9-ac1f6b6435d0,21 25
3fc51f50-bad2-11e8-b2b8-ac1f6b6435d0,0 2
3fc6ce78-bad6-11e8-b2b9-ac1f6b6435d0,23
3fd65060-bad0-11e8-b2b8-ac1f6b6435d0,14 16 17
3fda0462-bad5-11e8-b2b9-ac1f6b6435d0,0 2
3fdd89a2-bad5-11e8-b2b9-ac1f6b6435d0,0 21 25
3fe0d54c-bacd-11e8-b2b8-ac1f6b6435d0,0 25
3fe1a9f8-bad8-11e8-b2b9-ac1f6b6435d0,0 26
3fe2a9a4-bacc-11e8-b2b8-ac1f6b6435d0,0
3fe41676-bac8-11e8-b2b7-ac1f6b6435d0,0 1
3febcbd8-bad6-11e8-b2b9-ac1f6b6435d0,0 25
3ff2cd7e-bac8-11e8-b2b7-ac1f6b6435d0,24
3ff2eda2-baca-11e8-b2b8-ac1f6b6435d0,0 25
3ff43900-bad4-11e8-b2b8-ac1f6b6435d0,0 12 25
3ff85262-bad7-11e8-b2b9-ac1f6b6435d0,12 25
3ffd513c-bac7-11e8-b2b7-ac1f6b6435d0,0 2 7
4004daf0-bacd-11e8-b2b8-ac1f6b6435d0,2 25
4025664c-bad9-11e8-b2b9-ac1f6b6435d0,0 5 7
4026d204-bac8-11e8-b2b7-ac1f6b6435d0,0 14
402d6fda-bada-11e8-b2b9-ac1f6b6435d0,0 2 21
40307d34-baca-11e8-b2b8-ac1f6b6435d0,0 2 21
403261e8-bacb-11e8-b2b8-ac1f6b6435d0,0 2 25
403a86da-bacf-11e8-b2b8-ac1f6b6435d0,19 25
403ae098-bada-11e8-b2b9-ac1f6b6435d0,0 2
40442e5e-bac7-11e8-b2b7-ac1f6b6435d0,5
40473a74-bad9-11e8-b2b9-ac1f6b6435d0,0 25
404973ce-bac6-11e8-b2b7-ac1f6b6435d0,21 22
404a026c-bacb-11e8-b2b8-ac1f6b6435d0,0 25
404e60b2-bac8-11e8-b2b7-ac1f6b6435d0,0 7 25
4054a264-bad3-11e8-b2b8-ac1f6b6435d0,0 14
40644b1c-bac7-11e8-b2b7-ac1f6b6435d0,0 21 25
40657e32-bac8-11e8-b2b7-ac1f6b6435d0,0 23
40670970-bac6-11e8-b2b7-ac1f6b6435d0,0 2 25
4067cc0e-bace-11e8-b2b8-ac1f6b6435d0,0 21 23
406bc078-bacb-11e8-b2b8-ac1f6b6435d0,7 21
407459aa-baca-11e8-b2b8-ac1f6b6435d0,0 18 19
407fc6b0-bad8-11e8-b2b9-ac1f6b6435d0,1
409513ee-bac9-11e8-b2b8-ac1f6b6435d0,0 23 25
4095a408-bace-11e8-b2b8-ac1f6b6435d0,0 22
409cfc94-bac9-11e8-b2b8-ac1f6b6435d0,0 7
409f4bfc-bac9-11e8-b2b8-ac1f6b6435d0,0 2
40a0fd0c-baca-11e8-b2b8-ac1f6b6435d0,0 25
40a66544-bad9-11e8-b2b9-ac1f6b6435d0,0 2
40ab116e-bacc-11e8-b2b8-ac1f6b6435d0,0 11
40b048b0-bac6-11e8-b2b7-ac1f6b6435d0,0 23
40b7278a-bacf-11e8-b2b8-ac1f6b6435d0,0 2 23
40b88aa2-bada-11e8-b2b9-ac1f6b6435d0,6
40c90d18-bad6-11e8-b2b9-ac1f6b6435d0,0 7
40ccc6fe-bace-11e8-b2b8-ac1f6b6435d0,0 25
40ce3564-bad0-11e8-b2b8-ac1f6b6435d0,23 26
40ce53ce-bad9-11e8-b2b9-ac1f6b6435d0,0 11
40d2887a-bad6-11e8-b2b9-ac1f6b6435d0,0 18 25
40d362a8-bacd-11e8-b2b8-ac1f6b6435d0,0 5 21
40d39580-bad1-11e8-b2b8-ac1f6b6435d0,0 3 25
40d8ae2c-bada-11e8-b2b9-ac1f6b6435d0,4 25
40e2bc2a-bad3-11e8-b2b8-ac1f6b6435d0,18 19
40e4b8ec-bad6-11e8-b2b9-ac1f6b6435d0,0 21
40ea2a48-bac7-11e8-b2b7-ac1f6b6435d0,25
40edd56e-bad4-11e8-b2b8-ac1f6b6435d0,0 23
40ef5af2-bace-11e8-b2b8-ac1f6b6435d0,7 25
40f4b47e-baca-11e8-b2b8-ac1f6b6435d0,0 4
40f9577a-bacc-11e8-b2b8-ac1f6b6435d0,0 5 25
40fb97a6-bac7-11e8-b2b7-ac1f6b6435d0,23 25
40fc6292-bac9-11e8-b2b8-ac1f6b6435d0,0 25
4104fc8e-bad5-11e8-b2b9-ac1f6b6435d0,0 5 23
410694a2-bac8-11e8-b2b7-ac1f6b6435d0,0 25
4109b9ea-bad0-11e8-b2b8-ac1f6b6435d0,21 25
410c0d80-bac6-11e8-b2b7-ac1f6b6435d0,0 2 23
412036aa-bac8-11e8-b2b7-ac1f6b6435d0,0
412d3190-bad0-11e8-b2b8-ac1f6b6435d0,0 23
412eb0f4-bac8-11e8-b2b7-ac1f6b6435d0,23 25
41305b8a-bacc-11e8-b2b8-ac1f6b6435d0,0 3
413bbdd4-bad8-11e8-b2b9-ac1f6b6435d0,0 17 25
413ff450-bacc-11e8-b2b8-ac1f6b6435d0,23
4144c0d8-bac8-11e8-b2b7-ac1f6b6435d0,0 25
4144f0e2-bacf-11e8-b2b8-ac1f6b6435d0,1 4
4145677c-bad7-11e8-b2b9-ac1f6b6435d0,12
414956a6-bad8-11e8-b2b9-ac1f6b6435d0,22
415596da-bacb-11e8-b2b8-ac1f6b6435d0,25 26
41639b1a-bad8-11e8-b2b9-ac1f6b6435d0,14
41651614-bad5-11e8-b2b9-ac1f6b6435d0,0 23 25
4167b262-bad9-11e8-b2b9-ac1f6b6435d0,3 23
4170c174-bacd-11e8-b2b8-ac1f6b6435d0,0 23
4181709a-bad8-11e8-b2b9-ac1f6b6435d0,0 25
4187f6b6-bacb-11e8-b2b8-ac1f6b6435d0,0 23
4189bb3e-bacd-11e8-b2b8-ac1f6b6435d0,22
418d0a6e-bac8-11e8-b2b7-ac1f6b6435d0,0 25
418f2650-bacd-11e8-b2b8-ac1f6b6435d0,11 21
4193dd26-bacd-11e8-b2b8-ac1f6b6435d0,0 7
419c7b0e-bac6-11e8-b2b7-ac1f6b6435d0,0 2 21 25
41b12790-bad3-11e8-b2b8-ac1f6b6435d0,7
41b40e22-bacb-11e8-b2b8-ac1f6b6435d0,0 14 17 25
41b808a6-bada-11e8-b2b9-ac1f6b6435d0,26
41b8226c-bad7-11e8-b2b9-ac1f6b6435d0,14
41c226d8-bad5-11e8-b2b9-ac1f6b6435d0,0 25
41d5d15a-bacc-11e8-b2b8-ac1f6b6435d0,0
41d8b6e4-bacd-11e8-b2b8-ac1f6b6435d0,7
41e17946-bac8-11e8-b2b7-ac1f6b6435d0,0
41e306f0-bacb-11e8-b2b8-ac1f6b6435d0,5
41eb7674-bacf-11e8-b2b8-ac1f6b6435d0,0 23 25
41f25658-bacd-11e8-b2b8-ac1f6b6435d0,0 3
41f807e6-bad3-11e8-b2b8-ac1f6b6435d0,7
41f95ed4-bad3-11e8-b2b8-ac1f6b6435d0,11
41fc1b24-bac9-11e8-b2b8-ac1f6b6435d0,0 7 19
420acf78-bad0-11e8-b2b8-ac1f6b6435d0,3
4213261c-bad7-11e8-b2b9-ac1f6b6435d0,0 4 25
421b1cfc-bac6-11e8-b2b7-ac1f6b6435d0,0 3 25
4223eb5c-bac6-11e8-b2b7-ac1f6b6435d0,7
422b792a-bad1-11e8-b2b8-ac1f6b6435d0,0 23
422fdea4-baca-11e8-b2b8-ac1f6b6435d0,0 25
422fe4ce-bac7-11e8-b2b7-ac1f6b6435d0,21
423c0198-bacf-11e8-b2b8-ac1f6b6435d0,0 25
42431f66-bac8-11e8-b2b7-ac1f6b6435d0,2 16 17 25
42456464-bac9-11e8-b2b8-ac1f6b6435d0,0 20 23
4247a9dc-bac8-11e8-b2b7-ac1f6b6435d0,0 25
4248a73e-bac7-11e8-b2b7-ac1f6b6435d0,18 19
424e527a-bada-11e8-b2b9-ac1f6b6435d0,6 21 25
4254095e-bada-11e8-b2b9-ac1f6b6435d0,25
4259c1a2-bac9-11e8-b2b8-ac1f6b6435d0,6 25
425db8e2-bad4-11e8-b2b8-ac1f6b6435d0,0 7
425ed75e-bad9-11e8-b2b9-ac1f6b6435d0,0 23
425f9d92-bacf-11e8-b2b8-ac1f6b6435d0,12
42627310-bad3-11e8-b2b8-ac1f6b6435d0,0 21
426b7660-bac7-11e8-b2b7-ac1f6b6435d0,0 25
426e3eba-bad9-11e8-b2b9-ac1f6b6435d0,0 2 25
4273d2a0-bac8-11e8-b2b7-ac1f6b6435d0,2
427c4900-bac6-11e8-b2b7-ac1f6b6435d0,1
42842f26-bad5-11e8-b2b9-ac1f6b6435d0,0 18
4285d726-bac7-11e8-b2b7-ac1f6b6435d0,0 12
428a49da-bac9-11e8-b2b8-ac1f6b6435d0,0 21 25
4290cbe6-bac6-11e8-b2b7-ac1f6b6435d0,0 21 25
429149be-bad9-11e8-b2b9-ac1f6b6435d0,0 5 25
429a00ee-bad0-11e8-b2b8-ac1f6b6435d0,0 2 23
429b4990-bad0-11e8-b2b8-ac1f6b6435d0,7
429d3d56-bad8-11e8-b2b9-ac1f6b6435d0,0
429d93be-bad3-11e8-b2b8-ac1f6b6435d0,0 25
429e8530-bac9-11e8-b2b8-ac1f6b6435d0,0 11
429edd76-bada-11e8-b2b9-ac1f6b6435d0,4
42a4f0e2-bad2-11e8-b2b8-ac1f6b6435d0,0 5 25
42a53648-bad6-11e8-b2b9-ac1f6b6435d0,21 23 25
42ae63b6-bac8-11e8-b2b7-ac1f6b6435d0,0 2 25
42b0dde6-bad5-11e8-b2b9-ac1f6b6435d0,0 21
42b5ae52-bacb-11e8-b2b8-ac1f6b6435d0,2 25
42c3a45e-bad4-11e8-b2b8-ac1f6b6435d0,1
42c4633a-bacf-11e8-b2b8-ac1f6b6435d0,0 17 18 25
42c686b0-bacf-11e8-b2b8-ac1f6b6435d0,11 25
42ceb396-bac8-11e8-b2b7-ac1f6b6435d0,0 17 25
42d9e2ea-bad0-11e8-b2b8-ac1f6b6435d0,17 25
42db40c8-bacf-11e8-b2b8-ac1f6b6435d0,0 18 19
42ea3bcc-bada-11e8-b2b9-ac1f6b6435d0,0 25
42eb0ed0-bad5-11e8-b2b9-ac1f6b6435d0,0 2 7 21
42ed5d28-bad7-11e8-b2b9-ac1f6b6435d0,4 25
42f1a65a-bad5-11e8-b2b9-ac1f6b6435d0,21
42f2a6c6-bac7-11e8-b2b7-ac1f6b6435d0,
42f7f174-bace-11e8-b2b8-ac1f6b6435d0,0
42f89404-bad7-11e8-b2b9-ac1f6b6435d0,0 7
42f98faa-bacb-11e8-b2b8-ac1f6b6435d0,0 22
42fb0cfa-bad9-11e8-b2b9-ac1f6b6435d0,0 21 25
43104146-bad5-11e8-b2b9-ac1f6b6435d0,0 12 21 25
4319f46a-bac7-11e8-b2b7-ac1f6b6435d0,0 21 25
4324c7e6-bad6-11e8-b2b9-ac1f6b6435d0,0 13
4328a8d0-bad0-11e8-b2b8-ac1f6b6435d0,0 25
43303b38-bad3-11e8-b2b8-ac1f6b6435d0,0 25
433263a0-bac8-11e8-b2b7-ac1f6b6435d0,0 25
433400b8-bada-11e8-b2b9-ac1f6b6435d0,25
4334c218-bacc-11e8-b2b8-ac1f6b6435d0,0 11 12 25
43357408-bad9-11e8-b2b9-ac1f6b6435d0,16 17 25
4338a1f0-bacf-11e8-b2b8-ac1f6b6435d0,25
4339c0c4-bac7-11e8-b2b7-ac1f6b6435d0,0 5 13
4343a00e-bacb-11e8-b2b8-ac1f6b6435d0,11
43566ae8-bad2-11e8-b2b8-ac1f6b6435d0,13 21
4370dac8-bacc-11e8-b2b8-ac1f6b6435d0,0 2
43723f2e-bace-11e8-b2b8-ac1f6b6435d0,25
43766f4a-bac9-11e8-b2b8-ac1f6b6435d0,0 3
43771fc4-bada-11e8-b2b9-ac1f6b6435d0,5
437aa498-bace-11e8-b2b8-ac1f6b6435d0,0 2
437d8bd4-bad0-11e8-b2b8-ac1f6b6435d0,0 3
4383fb60-bace-11e8-b2b8-ac1f6b6435d0,4 25
4384013e-bad6-11e8-b2b9-ac1f6b6435d0,0
4385b20a-bad5-11e8-b2b9-ac1f6b6435d0,1 6 25
43889e8e-bacb-11e8-b2b8-ac1f6b6435d0,0
438f8738-bad7-11e8-b2b9-ac1f6b6435d0,0 1
43948444-bad8-11e8-b2b9-ac1f6b6435d0,21 25
439e4edc-bacb-11e8-b2b8-ac1f6b6435d0,0 25
43a8f830-bad2-11e8-b2b8-ac1f6b6435d0,0 5 25
43aa85e6-bad3-11e8-b2b8-ac1f6b6435d0,0 7 12
43b122d6-bad6-11e8-b2b9-ac1f6b6435d0,0 12 25
43ba06e0-bad0-11e8-b2b8-ac1f6b6435d0,1
43be0ee2-bac7-11e8-b2b7-ac1f6b6435d0,3
43c3dc12-bac9-11e8-b2b8-ac1f6b6435d0,0 25
43cee7b6-bacd-11e8-b2b8-ac1f6b6435d0,0 2 7 25
43d1cb68-bacb-11e8-b2b8-ac1f6b6435d0,4 5 25
43e146dc-bad1-11e8-b2b8-ac1f6b6435d0,18 19 25
43e3c2aa-bad5-11e8-b2b9-ac1f6b6435d0,0 2 25
43ed3742-bad3-11e8-b2b8-ac1f6b6435d0,0 4
43f7bda8-bac8-11e8-b2b7-ac1f6b6435d0,
43fe8e38-bad4-11e8-b2b8-ac1f6b6435d0,0 19
44020d3a-bad2-11e8-b2b8-ac1f6b6435d0,1 21
44031658-bacd-11e8-b2b8-ac1f6b6435d0,0 4
440f97a2-bad2-11e8-b2b8-ac1f6b6435d0,23
4421dc4c-bacc-11e8-b2b8-ac1f6b6435d0,0 2
44226db0-bac7-11e8-b2b7-ac1f6b6435d0,0 2
4422be80-bac9-11e8-b2b8-ac1f6b6435d0,13 25
4426db7c-baca-11e8-b2b8-ac1f6b6435d0,0 7 21 25
443b81cc-bac9-11e8-b2b8-ac1f6b6435d0,13 25
443ca492-bada-11e8-b2b9-ac1f6b6435d0,0
4445301a-bad7-11e8-b2b9-ac1f6b6435d0,2 25
444a6f42-bad4-11e8-b2b8-ac1f6b6435d0,0 25
444d03ca-bad8-11e8-b2b9-ac1f6b6435d0,7 25
444de0ea-bacb-11e8-b2b8-ac1f6b6435d0,0 5 22 26
444f1ca6-bacd-11e8-b2b8-ac1f6b6435d0,0 25
445481a8-bacf-11e8-b2b8-ac1f6b6435d0,0 25
4455c48a-bacc-11e8-b2b8-ac1f6b6435d0,5
44598e06-bad8-11e8-b2b9-ac1f6b6435d0,25
445ab01a-bad3-11e8-b2b8-ac1f6b6435d0,0 5 25
445e965c-bacf-11e8-b2b8-ac1f6b6435d0,25
44616d6c-bad6-11e8-b2b9-ac1f6b6435d0,4 25
4467ab16-bad4-11e8-b2b8-ac1f6b6435d0,0 12 25
446cf1e2-bad5-11e8-b2b9-ac1f6b6435d0,0 2
446e074e-bac6-11e8-b2b7-ac1f6b6435d0,0 5
446e1f78-baca-11e8-b2b8-ac1f6b6435d0,
4471f2a0-bad5-11e8-b2b9-ac1f6b6435d0,11
447c6d42-bacc-11e8-b2b8-ac1f6b6435d0,0 1
4480d9ae-bacc-11e8-b2b8-ac1f6b6435d0,0 7 21 25
448cb442-bad4-11e8-b2b8-ac1f6b6435d0,20 26
448d1a26-bad0-11e8-b2b8-ac1f6b6435d0,11
44aa8b46-bad6-11e8-b2b9-ac1f6b6435d0,0 7
44b27c32-bac9-11e8-b2b8-ac1f6b6435d0,0 5 25
44b63c54-baca-11e8-b2b8-ac1f6b6435d0,0 5 18 25
44b6fdf0-bacb-11e8-b2b8-ac1f6b6435d0,26
44be99da-bad9-11e8-b2b9-ac1f6b6435d0,0 2 25
44c9c2e4-bac8-11e8-b2b7-ac1f6b6435d0,0 4 25
44ca9f62-bad1-11e8-b2b8-ac1f6b6435d0,0 21 25
44e3a95a-baca-11e8-b2b8-ac1f6b6435d0,0 5 25
44e59888-bad8-11e8-b2b9-ac1f6b6435d0,0 25
44e9a486-baca-11e8-b2b8-ac1f6b6435d0,0 21 25
44f11d94-bad2-11e8-b2b8-ac1f6b6435d0,24
44f41f2a-bad8-11e8-b2b9-ac1f6b6435d0,0 2 24
44f573c4-bacf-11e8-b2b8-ac1f6b6435d0,5
44f7b3c8-bad4-11e8-b2b8-ac1f6b6435d0,0 25
44fe7928-bacb-11e8-b2b8-ac1f6b6435d0,0 5 18 19
4507f52c-bac9-11e8-b2b8-ac1f6b6435d0,2 11
4509520a-bad3-11e8-b2b8-ac1f6b6435d0,0 1 2
450c32b8-bac9-11e8-b2b8-ac1f6b6435d0,0 1 2
450cf5f0-bad7-11e8-b2b9-ac1f6b6435d0,0 5 25
450f4f72-bacc-11e8-b2b8-ac1f6b6435d0,0 12
4510a5d8-bacd-11e8-b2b8-ac1f6b6435d0,23
4512157a-bac9-11e8-b2b8-ac1f6b6435d0,7 23 25
45128be8-bad5-11e8-b2b9-ac1f6b6435d0,0 2
451ba7fe-bad1-11e8-b2b8-ac1f6b6435d0,21 25
451ccf80-bad6-11e8-b2b9-ac1f6b6435d0,21
453028b8-bad2-11e8-b2b8-ac1f6b6435d0,0 25
4531243c-baca-11e8-b2b8-ac1f6b6435d0,1 2 25
45397782-bace-11e8-b2b8-ac1f6b6435d0,25
45414c8c-bad3-11e8-b2b8-ac1f6b6435d0,0 19
4544e01c-bad9-11e8-b2b9-ac1f6b6435d0,2 12 21 25
454c5dd4-bad3-11e8-b2b8-ac1f6b6435d0,7 21
454e2b1e-bad3-11e8-b2b8-ac1f6b6435d0,0 1 25
4553d8c8-bad0-11e8-b2b8-ac1f6b6435d0,25
455ac756-baca-11e8-b2b8-ac1f6b6435d0,0 23
455b9478-bada-11e8-b2b9-ac1f6b6435d0,1
4562a2ce-bac9-11e8-b2b8-ac1f6b6435d0,0 21 25
456454be-bad0-11e8-b2b8-ac1f6b6435d0,0 24
456fae68-bad5-11e8-b2b9-ac1f6b6435d0,25
45730162-bad0-11e8-b2b8-ac1f6b6435d0,11 24
45735d4a-bac8-11e8-b2b7-ac1f6b6435d0,12 13
45776962-bad2-11e8-b2b8-ac1f6b6435d0,0 25
457b64b4-bad1-11e8-b2b8-ac1f6b6435d0,23
458505a4-bacd-11e8-b2b8-ac1f6b6435d0,0 3 23
458c773a-bad7-11e8-b2b9-ac1f6b6435d0,25
459352ae-bad1-11e8-b2b8-ac1f6b6435d0,0 25
45974d68-bacd-11e8-b2b8-ac1f6b6435d0,3
45a94086-bacd-11e8-b2b8-ac1f6b6435d0,14 16 17
45ae4584-bacf-11e8-b2b8-ac1f6b6435d0,0 19 25
45b4b7b8-bad2-11e8-b2b8-ac1f6b6435d0,5 7
45be83c2-bad9-11e8-b2b9-ac1f6b6435d0,0 2 25
45c14c66-bad8-11e8-b2b9-ac1f6b6435d0,11 25
45c38a48-bad9-11e8-b2b9-ac1f6b6435d0,0 5 21 22 25
45c69398-bacd-11e8-b2b8-ac1f6b6435d0,6 23 25
45ca2de4-bad4-11e8-b2b8-ac1f6b6435d0,25
45d884ec-bad5-11e8-b2b9-ac1f6b6435d0,0 5
45dcfbee-bac6-11e8-b2b7-ac1f6b6435d0,0 25
45e498ee-bacc-11e8-b2b8-ac1f6b6435d0,0 25
45e527ba-bad0-11e8-b2b8-ac1f6b6435d0,0
45e9d0fc-bad6-11e8-b2b9-ac1f6b6435d0,18 19 25
45ebc326-bacc-11e8-b2b8-ac1f6b6435d0,5 25
45edbb6e-bacb-11e8-b2b8-ac1f6b6435d0,1
45efa262-bada-11e8-b2b9-ac1f6b6435d0,0 7 25
45f5526a-bac7-11e8-b2b7-ac1f6b6435d0,0 14
45f925ac-bacc-11e8-b2b8-ac1f6b6435d0,0 21
46023ff0-bace-11e8-b2b8-ac1f6b6435d0,2 25
46049f8a-bad7-11e8-b2b9-ac1f6b6435d0,2
460f6e9c-bad7-11e8-b2b9-ac1f6b6435d0,0 2 12
461315d6-baca-11e8-b2b8-ac1f6b6435d0,0
46183cf6-bad3-11e8-b2b8-ac1f6b6435d0,7
46185d8c-bacc-11e8-b2b8-ac1f6b6435d0,0
462968c8-bad3-11e8-b2b8-ac1f6b6435d0,0
462a8a4a-baca-11e8-b2b8-ac1f6b6435d0,0 2
46546a84-bac7-11e8-b2b7-ac1f6b6435d0,0 22
465d1824-bada-11e8-b2b9-ac1f6b6435d0,0 5
4671cb02-bad0-11e8-b2b8-ac1f6b6435d0,0 7
46744400-baca-11e8-b2b8-ac1f6b6435d0,0 2 4
46786f8e-bad0-11e8-b2b8-ac1f6b6435d0,21 25
46826336-bada-11e8-b2b9-ac1f6b6435d0,0 25
468c4f98-bac8-11e8-b2b7-ac1f6b6435d0,0 23
469b08c8-bad5-11e8-b2b9-ac1f6b6435d0,0 4 19
46a57088-bad5-11e8-b2b9-ac1f6b6435d0,0
46a9aa08-bad1-11e8-b2b8-ac1f6b6435d0,0
46ad933c-bad8-11e8-b2b9-ac1f6b6435d0,0 5 23 25
46ae7ea0-bace-11e8-b2b8-ac1f6b6435d0,7 25
46b36604-bad3-11e8-b2b8-ac1f6b6435d0,0 1 25
46b3ac54-bad8-11e8-b2b9-ac1f6b6435d0,0 2 21
46b9882a-bad5-11e8-b2b9-ac1f6b6435d0,26
46bd7336-bac6-11e8-b2b7-ac1f6b6435d0,0 25
46ca27b2-bac5-11e8-b2b7-ac1f6b6435d0,3
46d5b5e4-bad6-11e8-b2b9-ac1f6b6435d0,0
46d5fb74-bac9-11e8-b2b8-ac1f6b6435d0,0 21 25
46e59bb2-bac7-11e8-b2b7-ac1f6b6435d0,0 25
46e93eb8-bad4-11e8-b2b8-ac1f6b6435d0,0 2 25
46ebc8c6-bad0-11e8-b2b8-ac1f6b6435d0,0 25
46f14830-bad2-11e8-b2b8-ac1f6b6435d0,21 25
46feb5c2-bad4-11e8-b2b8-ac1f6b6435d0,0 5
46ff4770-bad0-11e8-b2b8-ac1f6b6435d0,4 25
46ffc7b8-bada-11e8-b2b9-ac1f6b6435d0,0 5
47003612-bacb-11e8-b2b8-ac1f6b6435d0,0
47032460-bad2-11e8-b2b8-ac1f6b6435d0,0 3
4706483a-bad1-11e8-b2b8-ac1f6b6435d0,23
4707ec28-bacf-11e8-b2b8-ac1f6b6435d0,0
471cd8ee-bada-11e8-b2b9-ac1f6b6435d0,0 12
471d89fe-bad2-11e8-b2b8-ac1f6b6435d0,0 7 25
471e0880-bad1-11e8-b2b8-ac1f6b6435d0,0 1 25
47206844-bad8-11e8-b2b9-ac1f6b6435d0,0 2
47224eb6-bace-11e8-b2b8-ac1f6b6435d0,2 25
4727914e-bada-11e8-b2b9-ac1f6b6435d0,0 12 25
472c0638-bac7-11e8-b2b7-ac1f6b6435d0,0 2 20
4738e5e0-bad8-11e8-b2b9-ac1f6b6435d0,0 2 21 25
473aed2c-bad8-11e8-b2b9-ac1f6b6435d0,4 7
473f73a0-bac5-11e8-b2b7-ac1f6b6435d0,0 18 19
4743ee2a-bad5-11e8-b2b9-ac1f6b6435d0,0 21 22
474afbee-bad4-11e8-b2b8-ac1f6b6435d0,2 11
474d205a-bad3-11e8-b2b8-ac1f6b6435d0,0
474f3b62-bac7-11e8-b2b7-ac1f6b6435d0,0 18 19
4750ee0a-bac5-11e8-b2b7-ac1f6b6435d0,0 5
4753e9dc-bac7-11e8-b2b7-ac1f6b6435d0,0 2
4757d95e-bacf-11e8-b2b8-ac1f6b6435d0,4
47593f72-bad6-11e8-b2b9-ac1f6b6435d0,0 25
4759a4f8-bad1-11e8-b2b8-ac1f6b6435d0,6 25
475a1b72-bad1-11e8-b2b8-ac1f6b6435d0,0 5
475b1e8c-bac7-11e8-b2b7-ac1f6b6435d0,0 4 5 25
475eb2bc-bacd-11e8-b2b8-ac1f6b6435d0,0
476415aa-bad6-11e8-b2b9-ac1f6b6435d0,0 2 12
47671dde-bad3-11e8-b2b8-ac1f6b6435d0,0 5
476c202a-bacb-11e8-b2b8-ac1f6b6435d0,0 7 25
476e5af2-bac6-11e8-b2b7-ac1f6b6435d0,1
476f86f6-bad1-11e8-b2b8-ac1f6b6435d0,1 6 7
476fcb3e-bad6-11e8-b2b9-ac1f6b6435d0,2 6 25
4774ceea-bacc-11e8-b2b8-ac1f6b6435d0,0 25
477b5762-bac5-11e8-b2b7-ac1f6b6435d0,0 25
477c4b54-bad9-11e8-b2b9-ac1f6b6435d0,25
478236e0-bac5-11e8-b2b7-ac1f6b6435d0,0 5
478c54ee-bad0-11e8-b2b8-ac1f6b6435d0,0 25
478d0750-bac5-11e8-b2b7-ac1f6b6435d0,0 26
47915252-bace-11e8-b2b8-ac1f6b6435d0,0 21 25
47988562-baca-11e8-b2b8-ac1f6b6435d0,0 18 19
479b0d46-bad9-11e8-b2b9-ac1f6b6435d0,0
47a57480-bad3-11e8-b2b8-ac1f6b6435d0,0 7 25
47a7c882-bacb-11e8-b2b8-ac1f6b6435d0,0 3
47a92192-baca-11e8-b2b8-ac1f6b6435d0,3
47ad0d84-bac5-11e8-b2b7-ac1f6b6435d0,0 25
47ad89e6-bad2-11e8-b2b8-ac1f6b6435d0,0
47b522dc-bacd-11e8-b2b8-ac1f6b6435d0,0 2 5 25
47bc55dc-bad4-11e8-b2b8-ac1f6b6435d0,12 25
47c3e666-bac6-11e8-b2b7-ac1f6b6435d0,0 14 21 25
47c5bb7e-bad7-11e8-b2b9-ac1f6b6435d0,25 26
47ce8314-bad0-11e8-b2b8-ac1f6b6435d0,0 25
47cf3aee-bad4-11e8-b2b8-ac1f6b6435d0,0 7
47cf9b88-bac5-11e8-b2b7-ac1f6b6435d0,0 11
47d3adb4-bac9-11e8-b2b8-ac1f6b6435d0,0 25
47d405ae-bacc-11e8-b2b8-ac1f6b6435d0,0 25
47d5d666-bace-11e8-b2b8-ac1f6b6435d0,0 23
47e99e90-bac8-11e8-b2b7-ac1f6b6435d0,2 21 25
47ebc822-bad3-11e8-b2b8-ac1f6b6435d0,0 25
47ebf7e0-bad1-11e8-b2b8-ac1f6b6435d0,0 18 19
4806552e-bad9-11e8-b2b9-ac1f6b6435d0,23 25
4819948e-bad6-11e8-b2b9-ac1f6b6435d0,16 25
481aa3bc-bac5-11e8-b2b7-ac1f6b6435d0,0 25
48218f3a-bad7-11e8-b2b9-ac1f6b6435d0,21 25 26
482656e2-bad6-11e8-b2b9-ac1f6b6435d0,0 21
48326024-bac5-11e8-b2b7-ac1f6b6435d0,0 21 25
4835fa4e-bacb-11e8-b2b8-ac1f6b6435d0,0
483fbf6e-bac8-11e8-b2b7-ac1f6b6435d0,0 25
4842dee6-bac9-11e8-b2b8-ac1f6b6435d0,0 25
484cba48-bac8-11e8-b2b7-ac1f6b6435d0,0 25
48532fa2-bac5-11e8-b2b7-ac1f6b6435d0,4
48559acc-bace-11e8-b2b8-ac1f6b6435d0,18 25
485e2f8c-bada-11e8-b2b9-ac1f6b6435d0,0 2
487523ea-bacb-11e8-b2b8-ac1f6b6435d0,5 25
487d3fe2-bad7-11e8-b2b9-ac1f6b6435d0,26
487ea026-bad2-11e8-b2b8-ac1f6b6435d0,0 13 21
48824cbe-bad0-11e8-b2b8-ac1f6b6435d0,0
4883f35c-bac6-11e8-b2b7-ac1f6b6435d0,0 4
4884938a-bac5-11e8-b2b7-ac1f6b6435d0,0 25
489e6922-bac5-11e8-b2b7-ac1f6b6435d0,21
48a35d08-bacd-11e8-b2b8-ac1f6b6435d0,25
48ab3bd6-bad7-11e8-b2b9-ac1f6b6435d0,11 25
48aed892-bada-11e8-b2b9-ac1f6b6435d0,5 25
48b1d556-bacb-11e8-b2b8-ac1f6b6435d0,0 5 7
48bc26d4-bace-11e8-b2b8-ac1f6b6435d0,0 5 25 26
48c71e44-baca-11e8-b2b8-ac1f6b6435d0,19
48ccac54-bad1-11e8-b2b8-ac1f6b6435d0,0 20 26
48ceae3a-bad8-11e8-b2b9-ac1f6b6435d0,21 25
48dd3dec-bace-11e8-b2b8-ac1f6b6435d0,1
48dda97a-bacf-11e8-b2b8-ac1f6b6435d0,0 2 25
48e66fb0-bac5-11e8-b2b7-ac1f6b6435d0,0
48e8d7ce-bace-11e8-b2b8-ac1f6b6435d0,0 2 25
48ef8abe-baca-11e8-b2b8-ac1f6b6435d0,7
48f0724a-bace-11e8-b2b8-ac1f6b6435d0,0 21 25
48fa9c1e-bada-11e8-b2b9-ac1f6b6435d0,23
490602e4-bad4-11e8-b2b8-ac1f6b6435d0,4
490f5162-bac7-11e8-b2b7-ac1f6b6435d0,14 16 17 25
4910d3ce-bac8-11e8-b2b7-ac1f6b6435d0,0 23 25
49142946-bad4-11e8-b2b8-ac1f6b6435d0,12
491dfc02-bad2-11e8-b2b8-ac1f6b6435d0,0 16 17 25
4927ce6c-bacd-11e8-b2b8-ac1f6b6435d0,26
49289ca6-bad3-11e8-b2b8-ac1f6b6435d0,0 23
492ede7e-bad6-11e8-b2b9-ac1f6b6435d0,0 4
4937c990-bad0-11e8-b2b8-ac1f6b6435d0,2 21
4939ee7e-bac5-11e8-b2b7-ac1f6b6435d0,11 25
493a5516-bad0-11e8-b2b8-ac1f6b6435d0,0 21 25
493f0984-bac7-11e8-b2b7-ac1f6b6435d0,0 12
4943e334-bad9-11e8-b2b9-ac1f6b6435d0,3
494dcb68-bad6-11e8-b2b9-ac1f6b6435d0,0 5 21 25
49547734-bac6-11e8-b2b7-ac1f6b6435d0,0 2
4954f36e-bace-11e8-b2b8-ac1f6b6435d0,0 2
495ce730-bac5-11e8-b2b7-ac1f6b6435d0,2
4966f4d4-bac8-11e8-b2b7-ac1f6b6435d0,0 26
496a269e-bad8-11e8-b2b9-ac1f6b6435d0,0
496ae9de-baca-11e8-b2b8-ac1f6b6435d0,0 2 21 25
496d8890-bad6-11e8-b2b9-ac1f6b6435d0,0 7
4971f780-bad2-11e8-b2b8-ac1f6b6435d0,0 25
4975e6b8-bacf-11e8-b2b8-ac1f6b6435d0,0 25
49781b2c-bad4-11e8-b2b8-ac1f6b6435d0,0 7 25
4993ad76-bacd-11e8-b2b8-ac1f6b6435d0,0 25
499510e0-bacc-11e8-b2b8-ac1f6b6435d0,0 12
49a521fe-bac9-11e8-b2b8-ac1f6b6435d0,25
49af62fc-bacb-11e8-b2b8-ac1f6b6435d0,0 5
49b5ab42-bacd-11e8-b2b8-ac1f6b6435d0,0 1 25
49ba5fae-bacb-11e8-b2b8-ac1f6b6435d0,0 12
49bc2450-bad1-11e8-b2b8-ac1f6b6435d0,2 25
49bd37d6-bac8-11e8-b2b7-ac1f6b6435d0,23 25
49c265e2-bad9-11e8-b2b9-ac1f6b6435d0,21
49c621a4-bac6-11e8-b2b7-ac1f6b6435d0,5
49d52250-bace-11e8-b2b8-ac1f6b6435d0,0 25
49d90ee8-bacd-11e8-b2b8-ac1f6b6435d0,21 25
49d9e466-bac9-11e8-b2b8-ac1f6b6435d0,0 21
49db8efa-bac5-11e8-b2b7-ac1f6b6435d0,21
49dbe626-bad3-11e8-b2b8-ac1f6b6435d0,0 18 25
49dc055a-bada-11e8-b2b9-ac1f6b6435d0,0 23
49dcb2ac-bad5-11e8-b2b9-ac1f6b6435d0,0 23
49dd4970-bad4-11e8-b2b8-ac1f6b6435d0,7
49e04782-bad0-11e8-b2b8-ac1f6b6435d0,0 12
49ef91b6-bad9-11e8-b2b9-ac1f6b6435d0,21
49efbae2-bac5-11e8-b2b7-ac1f6b6435d0,0 5
49f1eeb4-bad1-11e8-b2b8-ac1f6b6435d0,0 21 25
49f7dfce-bac5-11e8-b2b7-ac1f6b6435d0,5
49fb89a4-bac9-11e8-b2b8-ac1f6b6435d0,0 25
49fe36e0-bad3-11e8-b2b8-ac1f6b6435d0,0 12 25
4a01093e-bac8-11e8-b2b7-ac1f6b6435d0,0
4a016126-bad3-11e8-b2b8-ac1f6b6435d0,25
4a018240-bad4-11e8-b2b8-ac1f6b6435d0,25
4a0dc4c4-bac5-11e8-b2b7-ac1f6b6435d0,0 2 22
4a10965c-bac7-11e8-b2b7-ac1f6b6435d0,0 21 25
4a1120de-bac9-11e8-b2b8-ac1f6b6435d0,0 7
4a187f5e-bad9-11e8-b2b9-ac1f6b6435d0,0 22 24
4a21a2bc-bad1-11e8-b2b8-ac1f6b6435d0,0 22
4a23d7c8-bad9-11e8-b2b9-ac1f6b6435d0,0 5 25
4a23dbf0-bacb-11e8-b2b8-ac1f6b6435d0,23 25
4a2ed5fa-bacb-11e8-b2b8-ac1f6b6435d0,0 25
4a371388-baca-11e8-b2b8-ac1f6b6435d0,7
4a410f6e-bacf-11e8-b2b8-ac1f6b6435d0,6 25
4a433f98-bad2-11e8-b2b8-ac1f6b6435d0,0 25
4a45109a-bacb-11e8-b2b8-ac1f6b6435d0,0 13 25
4a45ca7c-bad9-11e8-b2b9-ac1f6b6435d0,14
4a4a1d56-bad5-11e8-b2b9-ac1f6b6435d0,0 25
4a525a62-bad9-11e8-b2b9-ac1f6b6435d0,0 7 21 25
4a5580c2-bad7-11e8-b2b9-ac1f6b6435d0,0
4a588e58-bacc-11e8-b2b8-ac1f6b6435d0,0 25
4a606ab6-bad5-11e8-b2b9-ac1f6b6435d0,4 25
4a636e7e-bad4-11e8-b2b8-ac1f6b6435d0,1
4a693326-bac6-11e8-b2b7-ac1f6b6435d0,0 25
4a71549c-bac7-11e8-b2b7-ac1f6b6435d0,3
4a71dfb6-bad1-11e8-b2b8-ac1f6b6435d0,5 25
4a72a690-bac6-11e8-b2b7-ac1f6b6435d0,0 25 26
4a72cd3a-bad7-11e8-b2b9-ac1f6b6435d0,0 12
4a73bbdc-bad7-11e8-b2b9-ac1f6b6435d0,0 5
4a7ba1d8-bacf-11e8-b2b8-ac1f6b6435d0,2 25
4a7e25c6-bad8-11e8-b2b9-ac1f6b6435d0,0 19 23
4a7f36d2-bad8-11e8-b2b9-ac1f6b6435d0,0 5 25
4a8a2c7c-bad8-11e8-b2b9-ac1f6b6435d0,2 14 25
4a8a9bea-bacd-11e8-b2b8-ac1f6b6435d0,3
4a8cf1fc-bad1-11e8-b2b8-ac1f6b6435d0,2
4a921da6-bac9-11e8-b2b8-ac1f6b6435d0,0 2
4a9726c4-bac5-11e8-b2b7-ac1f6b6435d0,0 21 25
4a9c36ec-bad8-11e8-b2b9-ac1f6b6435d0,21
4aaab2da-bace-11e8-b2b8-ac1f6b6435d0,2 25
4ab912fa-bac7-11e8-b2b7-ac1f6b6435d0,0 23 25
4abe9854-bace-11e8-b2b8-ac1f6b6435d0,0 18 24
4acb6e0c-bad9-11e8-b2b9-ac1f6b6435d0,0 7
4acb8846-bada-11e8-b2b9-ac1f6b6435d0,0 12
4ace7cd2-baca-11e8-b2b8-ac1f6b6435d0,0 25
4ad018f6-bad1-11e8-b2b8-ac1f6b6435d0,0 23
4ad13d70-bacd-11e8-b2b8-ac1f6b6435d0,0 21
4ad347e2-bacc-11e8-b2b8-ac1f6b6435d0,2 25
4ad7d35c-bacc-11e8-b2b8-ac1f6b6435d0,17 18 21 25
4ad8d268-bacf-11e8-b2b8-ac1f6b6435d0,18
4ad92ec0-bad4-11e8-b2b8-ac1f6b6435d0,0 25
4ae55a42-bad9-11e8-b2b9-ac1f6b6435d0,2
4ae67ddc-bacf-11e8-b2b8-ac1f6b6435d0,0 25
4ae7cb60-bacf-11e8-b2b8-ac1f6b6435d0,0 21 25
4ae8dbc2-bad4-11e8-b2b8-ac1f6b6435d0,0 19 25
4aeafe3e-bac5-11e8-b2b7-ac1f6b6435d0,0 5 7
4b0036fc-bac8-11e8-b2b7-ac1f6b6435d0,0 2 21 25
4b024c40-bad6-11e8-b2b9-ac1f6b6435d0,0 19
4b0badea-bacb-11e8-b2b8-ac1f6b6435d0,5 19
4b0d8dda-bad1-11e8-b2b8-ac1f6b6435d0,11
4b107e2c-bad7-11e8-b2b9-ac1f6b6435d0,0
4b18e7c2-bad9-11e8-b2b9-ac1f6b6435d0,0 3
4b1d1b18-bad3-11e8-b2b8-ac1f6b6435d0,0 4 21 25
4b449796-bad9-11e8-b2b9-ac1f6b6435d0,11 25
4b484216-bad8-11e8-b2b9-ac1f6b6435d0,5 25
4b508b22-bacb-11e8-b2b8-ac1f6b6435d0,18 19 21
4b510400-bad3-11e8-b2b8-ac1f6b6435d0,14 16 17
4b59052c-bac6-11e8-b2b7-ac1f6b6435d0,0 25
4b59c11e-bacc-11e8-b2b8-ac1f6b6435d0,0 12 25
4b5dbf0c-bacd-11e8-b2b8-ac1f6b6435d0,12
4b6d4656-bac9-11e8-b2b8-ac1f6b6435d0,21
4b70b64e-bad1-11e8-b2b8-ac1f6b6435d0,0 2 25
4b78e200-bacd-11e8-b2b8-ac1f6b6435d0,7 23
4b7c3900-bac8-11e8-b2b7-ac1f6b6435d0,0 25
4b7e727e-bac8-11e8-b2b7-ac1f6b6435d0,0 25
4b7fcde0-bad7-11e8-b2b9-ac1f6b6435d0,2 7 25
4b83e4ae-bac6-11e8-b2b7-ac1f6b6435d0,4
4b84dca6-bada-11e8-b2b9-ac1f6b6435d0,5 24
4b876438-bad7-11e8-b2b9-ac1f6b6435d0,0 5 25
4b8b3970-bad5-11e8-b2b9-ac1f6b6435d0,19
4b9084c6-bad4-11e8-b2b8-ac1f6b6435d0,0 21 25
4b935aaa-bad6-11e8-b2b9-ac1f6b6435d0,0 19
4b984050-bad2-11e8-b2b8-ac1f6b6435d0,0 2
4b9a5cae-bace-11e8-b2b8-ac1f6b6435d0,5
4ba3bdec-bad5-11e8-b2b9-ac1f6b6435d0,0 2
4ba956d6-bac5-11e8-b2b7-ac1f6b6435d0,25
4baaa8ec-bacf-11e8-b2b8-ac1f6b6435d0,0 21
4bab3d8e-baca-11e8-b2b8-ac1f6b6435d0,0 22
4bb87600-bacc-11e8-b2b8-ac1f6b6435d0,0 14 25
4bba2f3c-bad0-11e8-b2b8-ac1f6b6435d0,25
4bbda434-bad3-11e8-b2b8-ac1f6b6435d0,23
4bc07776-bac5-11e8-b2b7-ac1f6b6435d0,0
4bc0ff2c-bad2-11e8-b2b8-ac1f6b6435d0,6 23
4bc8d360-bad6-11e8-b2b9-ac1f6b6435d0,0 21
4bc931f0-bac9-11e8-b2b8-ac1f6b6435d0,14 17
4bca19ac-bac5-11e8-b2b7-ac1f6b6435d0,0 19
4bcd4db4-bad1-11e8-b2b8-ac1f6b6435d0,26
4bcf70ee-bacc-11e8-b2b8-ac1f6b6435d0,6 25
4bfc8e54-bada-11e8-b2b9-ac1f6b6435d0,0 25
4c00edf6-bacf-11e8-b2b8-ac1f6b6435d0,25
4c068d56-bad4-11e8-b2b8-ac1f6b6435d0,23
4c13ed7a-baca-11e8-b2b8-ac1f6b6435d0,19
4c18a42c-bac6-11e8-b2b7-ac1f6b6435d0,13
4c1f81e6-bad7-11e8-b2b9-ac1f6b6435d0,0 2 25
4c251496-bada-11e8-b2b9-ac1f6b6435d0,0 7 25
4c289ecc-bacb-11e8-b2b8-ac1f6b6435d0,0
4c35d2de-bac8-11e8-b2b7-ac1f6b6435d0,6 11
4c3b2380-bac6-11e8-b2b7-ac1f6b6435d0,4 19
4c3e0364-bad2-11e8-b2b8-ac1f6b6435d0,0
4c3fe2cc-bad9-11e8-b2b9-ac1f6b6435d0,0 25
4c477a14-bacf-11e8-b2b8-ac1f6b6435d0,11
4c491648-bada-11e8-b2b9-ac1f6b6435d0,19
4c4add9e-baca-11e8-b2b8-ac1f6b6435d0,0 3
4c689958-bad7-11e8-b2b9-ac1f6b6435d0,0 7 8 9
4c69eb9c-bac7-11e8-b2b7-ac1f6b6435d0,14
4c6aa79c-bad3-11e8-b2b8-ac1f6b6435d0,0 2
4c711dae-bad1-11e8-b2b8-ac1f6b6435d0,18
4c819246-bacd-11e8-b2b8-ac1f6b6435d0,16 23
4c819698-bad6-11e8-b2b9-ac1f6b6435d0,0 25
4c837dd8-bacb-11e8-b2b8-ac1f6b6435d0,21 22 25
4c842936-bad5-11e8-b2b9-ac1f6b6435d0,4
4c8568fe-bacc-11e8-b2b8-ac1f6b6435d0,
4c8588da-bada-11e8-b2b9-ac1f6b6435d0,0 22
4c8811d0-bac7-11e8-b2b7-ac1f6b6435d0,0 25
4c89b35e-bad7-11e8-b2b9-ac1f6b6435d0,21
4c8a868e-bad3-11e8-b2b8-ac1f6b6435d0,0 7
4c8efb8c-bad9-11e8-b2b9-ac1f6b6435d0,0 19
4c976f3e-bac9-11e8-b2b8-ac1f6b6435d0,0 12 25
4c984400-bacd-11e8-b2b8-ac1f6b6435d0,0 23 25
4c9d5a66-bac9-11e8-b2b8-ac1f6b6435d0,
4ca52036-bad6-11e8-b2b9-ac1f6b6435d0,0 19
4ca9761a-bacf-11e8-b2b8-ac1f6b6435d0,17 25
4cb01560-baca-11e8-b2b8-ac1f6b6435d0,0 2 23 25
4cb37644-bac8-11e8-b2b7-ac1f6b6435d0,5 25
4cb54888-bac9-11e8-b2b8-ac1f6b6435d0,25
4cb87782-baca-11e8-b2b8-ac1f6b6435d0,0
4cba45be-bad2-11e8-b2b8-ac1f6b6435d0,5
4cc62a1e-bad7-11e8-b2b9-ac1f6b6435d0,0 23
4cc91d04-bad3-11e8-b2b8-ac1f6b6435d0,0 25 26
4ccfdb8c-bad1-11e8-b2b8-ac1f6b6435d0,0 21 25
4cddbc32-bace-11e8-b2b8-ac1f6b6435d0,0
4ce00c02-bacf-11e8-b2b8-ac1f6b6435d0,0 24 25
4ce33a1e-bad2-11e8-b2b8-ac1f6b6435d0,0 25
4ce88934-bacc-11e8-b2b8-ac1f6b6435d0,11
4ce88a4a-bad3-11e8-b2b8-ac1f6b6435d0,0 5 7 25
4ce88b98-bad9-11e8-b2b9-ac1f6b6435d0,14
4cedf090-bad1-11e8-b2b8-ac1f6b6435d0,0 2
4cf61d2c-bad3-11e8-b2b8-ac1f6b6435d0,0
4cf858de-bacf-11e8-b2b8-ac1f6b6435d0,14 25
4cf97502-bac5-11e8-b2b7-ac1f6b6435d0,0
4cfdb20e-bad7-11e8-b2b9-ac1f6b6435d0,14
4d00fc0a-bad9-11e8-b2b9-ac1f6b6435d0,0 2
4d053164-bad2-11e8-b2b8-ac1f6b6435d0,7
4d130de2-bac9-11e8-b2b8-ac1f6b6435d0,3 5 25
4d18ce02-baca-11e8-b2b8-ac1f6b6435d0,0 19 25
4d1c1142-bad0-11e8-b2b8-ac1f6b6435d0,7
4d1c7992-bac7-11e8-b2b7-ac1f6b6435d0,18 23 25
4d26dce6-bad8-11e8-b2b9-ac1f6b6435d0,0 19
4d29863e-bacf-11e8-b2b8-ac1f6b6435d0,7 25
4d2d0eca-bad0-11e8-b2b8-ac1f6b6435d0,5
4d2ebe2a-bac9-11e8-b2b8-ac1f6b6435d0,18
4d2fb044-bada-11e8-b2b9-ac1f6b6435d0,0 2 25
4d3576d4-bac9-11e8-b2b8-ac1f6b6435d0,0
4d36c938-bada-11e8-b2b9-ac1f6b6435d0,0 21 25
4d391be2-bac7-11e8-b2b7-ac1f6b6435d0,0 13
4d3971d6-bacd-11e8-b2b8-ac1f6b6435d0,0
4d449450-bada-11e8-b2b9-ac1f6b6435d0,25
4d48f8e8-bacf-11e8-b2b8-ac1f6b6435d0,0 7
4d4969aa-bac9-11e8-b2b8-ac1f6b6435d0,0 2 21 25
4d4c3ab6-bad0-11e8-b2b8-ac1f6b6435d0,0 12
4d4cb45e-bad1-11e8-b2b8-ac1f6b6435d0,0 12
4d4fed5a-bad5-11e8-b2b9-ac1f6b6435d0,0 21
4d525984-bac9-11e8-b2b8-ac1f6b6435d0,0 2 5 25
4d59b02e-bad5-11e8-b2b9-ac1f6b6435d0,0
4d5ece6e-bad6-11e8-b2b9-ac1f6b6435d0,0 19
4d662ca6-bac5-11e8-b2b7-ac1f6b6435d0,0 25
4d66747e-bad7-11e8-b2b9-ac1f6b6435d0,0 2 19
4d6caba8-bad4-11e8-b2b8-ac1f6b6435d0,0 21
4d6d3f1a-bac9-11e8-b2b8-ac1f6b6435d0,0 7
4d79caf8-bad5-11e8-b2b9-ac1f6b6435d0,2 25
4d8af156-bacc-11e8-b2b8-ac1f6b6435d0,0 23
4d8b651a-bad5-11e8-b2b9-ac1f6b6435d0,0 5 19
4d8dd07e-bad1-11e8-b2b8-ac1f6b6435d0,0 25
4d8fd712-bacb-11e8-b2b8-ac1f6b6435d0,0 7 25
4d922f14-bad3-11e8-b2b8-ac1f6b6435d0,23 25 26
4d924bd0-bad7-11e8-b2b9-ac1f6b6435d0,0
4d9ef71c-bad8-11e8-b2b9-ac1f6b6435d0,0 2
4da34bb0-bacd-11e8-b2b8-ac1f6b6435d0,0
4db0da8e-bac6-11e8-b2b7-ac1f6b6435d0,23
4db6ce5a-bac9-11e8-b2b8-ac1f6b6435d0,0 25
4db84f3c-bace-11e8-b2b8-ac1f6b6435d0,0 5 25
4db920d8-bac9-11e8-b2b8-ac1f6b6435d0,0 5
4dbff7b2-bacb-11e8-b2b8-ac1f6b6435d0,11
4dc06628-bacd-11e8-b2b8-ac1f6b6435d0,0 2 25
4dcd3ed2-bad9-11e8-b2b9-ac1f6b6435d0,0 3
4dd5e8b0-bacb-11e8-b2b8-ac1f6b6435d0,0
4dd62b86-bad5-11e8-b2b9-ac1f6b6435d0,0 19 21
4dd66282-bac5-11e8-b2b7-ac1f6b6435d0,19
4dd861ee-bad5-11e8-b2b9-ac1f6b6435d0,23
4ddb80c8-baca-11e8-b2b8-ac1f6b6435d0,0 1 2 25
4ddd734e-bad2-11e8-b2b8-ac1f6b6435d0,23 25
4ddf8a72-bac7-11e8-b2b7-ac1f6b6435d0,0 25
4de16320-bacb-11e8-b2b8-ac1f6b6435d0,0 24
4de80a3a-bad6-11e8-b2b9-ac1f6b6435d0,0 25
4de9db40-bac6-11e8-b2b7-ac1f6b6435d0,0 25
4defee72-bac6-11e8-b2b7-ac1f6b6435d0,25
4df624a4-bac6-11e8-b2b7-ac1f6b6435d0,0 19
4df7c002-bada-11e8-b2b9-ac1f6b6435d0,0 25
4df89634-bac7-11e8-b2b7-ac1f6b6435d0,3 25
4dfa2ca8-bacf-11e8-b2b8-ac1f6b6435d0,0 14 16
4dfb4c46-bad4-11e8-b2b8-ac1f6b6435d0,25
4e02e8f6-bac6-11e8-b2b7-ac1f6b6435d0,0 23
4e0bd6aa-bac6-11e8-b2b7-ac1f6b6435d0,0 7
4e10aecc-bacc-11e8-b2b8-ac1f6b6435d0,0 25
4e1791a0-bac8-11e8-b2b7-ac1f6b6435d0,0 18 21 23
4e1793ee-bac8-11e8-b2b8-ac1f6b6435d0,25
4e20a796-bad6-11e8-b2b9-ac1f6b6435d0,0 1
4e220fbe-bad1-11e8-b2b8-ac1f6b6435d0,0 19
4e24d790-bad0-11e8-b2b8-ac1f6b6435d0,0 23 25
4e2606dc-bac7-11e8-b2b7-ac1f6b6435d0,25
4e2b2790-bac5-11e8-b2b7-ac1f6b6435d0,23
4e2bef8e-bac7-11e8-b2b7-ac1f6b6435d0,0 3
4e34f8f0-bac6-11e8-b2b7-ac1f6b6435d0,0 2
4e37d34c-bace-11e8-b2b8-ac1f6b6435d0,0 12
4e39a9de-bad2-11e8-b2b8-ac1f6b6435d0,0
4e402066-bad2-11e8-b2b8-ac1f6b6435d0,0 21
4e42d172-bac7-11e8-b2b7-ac1f6b6435d0,0 7
4e46c27c-bad7-11e8-b2b9-ac1f6b6435d0,4
4e4abf56-bad4-11e8-b2b8-ac1f6b6435d0,0
4e4b98fa-bad8-11e8-b2b9-ac1f6b6435d0,0 1 25
4e4c0e5e-bad1-11e8-b2b8-ac1f6b6435d0,3 23
4e653326-bada-11e8-b2b9-ac1f6b6435d0,1
4e698c0c-bac9-11e8-b2b8-ac1f6b6435d0,0 21 25
4e6e19d8-bac5-11e8-b2b7-ac1f6b6435d0,25
4e718bbe-bad8-11e8-b2b9-ac1f6b6435d0,0 19 25
4e784eda-bacf-11e8-b2b8-ac1f6b6435d0,0 21 25
4e7cef5c-bad0-11e8-b2b8-ac1f6b6435d0,0 18
4e81280c-bacf-11e8-b2b8-ac1f6b6435d0,0 4 7
4e88e700-bac9-11e8-b2b8-ac1f6b6435d0,0
4e90ea86-bace-11e8-b2b8-ac1f6b6435d0,23
4e9654f0-bacc-11e8-b2b8-ac1f6b6435d0,0 23
4e9ba202-bad6-11e8-b2b9-ac1f6b6435d0,0 4 5 25
4eaf1f86-bac6-11e8-b2b7-ac1f6b6435d0,7 23
4eb8ecce-bad4-11e8-b2b8-ac1f6b6435d0,0 25
4ebc3fb0-bad8-11e8-b2b9-ac1f6b6435d0,0 25
4ebd3f52-bad6-11e8-b2b9-ac1f6b6435d0,0 25
4ec0d61e-bad9-11e8-b2b9-ac1f6b6435d0,0 21
4ed18840-bad6-11e8-b2b9-ac1f6b6435d0,19 21
4ed21c50-bacd-11e8-b2b8-ac1f6b6435d0,14
4ed9aea8-bacc-11e8-b2b8-ac1f6b6435d0,21
4ee1fa50-bacb-11e8-b2b8-ac1f6b6435d0,21 25
4ee382ee-bada-11e8-b2b9-ac1f6b6435d0,0 7 21 25
4ee86482-bad8-11e8-b2b9-ac1f6b6435d0,23
4eecfff4-bac6-11e8-b2b7-ac1f6b6435d0,0 23
4eeecb36-bacb-11e8-b2b8-ac1f6b6435d0,0
4eeefc18-bad6-11e8-b2b9-ac1f6b6435d0,0 5
4f06d098-bad3-11e8-b2b8-ac1f6b6435d0,0 5 18 19
4f093d74-bad3-11e8-b2b8-ac1f6b6435d0,0
4f0e730a-bacb-11e8-b2b8-ac1f6b6435d0,0 5 25
4f146df8-bacd-11e8-b2b8-ac1f6b6435d0,0 16 17 25
4f37ce58-bad0-11e8-b2b8-ac1f6b6435d0,0 14
4f3bac04-bac5-11e8-b2b7-ac1f6b6435d0,0
4f3d0600-bad2-11e8-b2b8-ac1f6b6435d0,0 25
4f3d947a-bad8-11e8-b2b9-ac1f6b6435d0,0 5
4f442e7a-bad8-11e8-b2b9-ac1f6b6435d0,23
4f4430d0-bac6-11e8-b2b7-ac1f6b6435d0,0 2 20
4f498be8-bad0-11e8-b2b8-ac1f6b6435d0,0 7 23
4f547cfc-bad4-11e8-b2b8-ac1f6b6435d0,17 25
4f5cf6a0-bad6-11e8-b2b9-ac1f6b6435d0,0 14
4f5e878c-bacb-11e8-b2b8-ac1f6b6435d0,0 4 21
4f5f2714-bac6-11e8-b2b7-ac1f6b6435d0,25
4f6f84fe-bad2-11e8-b2b8-ac1f6b6435d0,5 21
4f753fd8-bad8-11e8-b2b9-ac1f6b6435d0,0
4f87545c-bad3-11e8-b2b8-ac1f6b6435d0,0 25
4f92fe5a-bad4-11e8-b2b8-ac1f6b6435d0,0 2 23
4fa0a9d6-bacc-11e8-b2b8-ac1f6b6435d0,0 14 17
4fa537b2-bac7-11e8-b2b7-ac1f6b6435d0,0 18 19
4fa792d6-bac8-11e8-b2b8-ac1f6b6435d0,2 21 25
4fb214d6-bad7-11e8-b2b9-ac1f6b6435d0,18 19
4fb7d326-bad7-11e8-b2b9-ac1f6b6435d0,19
4fbad74a-bacf-11e8-b2b8-ac1f6b6435d0,17 25
4fc9732c-baca-11e8-b2b8-ac1f6b6435d0,0 5 7
4fd43bb6-bacc-11e8-b2b8-ac1f6b6435d0,0 19
4fd7f53c-baca-11e8-b2b8-ac1f6b6435d0,23 25
4fdbbb3c-bad8-11e8-b2b9-ac1f6b6435d0,21
4fdbbdac-bad9-11e8-b2b9-ac1f6b6435d0,21 25
4fe00fd6-bac7-11e8-b2b7-ac1f6b6435d0,0 2
4fe3313a-bad5-11e8-b2b9-ac1f6b6435d0,0
4fe908d2-bace-11e8-b2b8-ac1f6b6435d0,0 25
4fe97840-bad2-11e8-b2b8-ac1f6b6435d0,0 25
4ff29c1a-bad0-11e8-b2b8-ac1f6b6435d0,0
4ff3f9ac-bada-11e8-b2b9-ac1f6b6435d0,0 25
4ff40e76-bad8-11e8-b2b9-ac1f6b6435d0,0 25
5003172a-bad0-11e8-b2b8-ac1f6b6435d0,0
50071a02-bad8-11e8-b2b9-ac1f6b6435d0,0 4 25
50125d06-bacc-11e8-b2b8-ac1f6b6435d0,0 25
5019f4d4-bad2-11e8-b2b8-ac1f6b6435d0,0 7 25
501cb4c2-bad1-11e8-b2b8-ac1f6b6435d0,0 5 23
5020b6f2-bad7-11e8-b2b9-ac1f6b6435d0,25
5022f4a8-bacd-11e8-b2b8-ac1f6b6435d0,0 18 19 25
5023cfba-bac6-11e8-b2b7-ac1f6b6435d0,20
502abb26-bad6-11e8-b2b9-ac1f6b6435d0,0 2 25
502d5108-baca-11e8-b2b8-ac1f6b6435d0,0 12
502ebcb2-bad1-11e8-b2b8-ac1f6b6435d0,0 16 17
5030c66c-baca-11e8-b2b8-ac1f6b6435d0,21 22
503127a0-bad0-11e8-b2b8-ac1f6b6435d0,5
50370bdc-bac8-11e8-b2b8-ac1f6b6435d0,0 21 25
503a74aa-bad9-11e8-b2b9-ac1f6b6435d0,0 25
503a79fa-baca-11e8-b2b8-ac1f6b6435d0,23 25
504686a4-bad0-11e8-b2b8-ac1f6b6435d0,0 21 25
50529a6c-bacf-11e8-b2b8-ac1f6b6435d0,0 14 21 25
505d27ce-bad5-11e8-b2b9-ac1f6b6435d0,23
505d58ba-bacc-11e8-b2b8-ac1f6b6435d0,0 4 21 25
50634e7c-bacd-11e8-b2b8-ac1f6b6435d0,14
506bcb64-bace-11e8-b2b8-ac1f6b6435d0,0 25
50724a46-bad5-11e8-b2b9-ac1f6b6435d0,0 25
5079d49c-bacf-11e8-b2b8-ac1f6b6435d0,0 25
50826f5c-bacb-11e8-b2b8-ac1f6b6435d0,0 25
5083855c-bad7-11e8-b2b9-ac1f6b6435d0,6 11 25
50885994-bad5-11e8-b2b9-ac1f6b6435d0,0 21
508a4968-bac9-11e8-b2b8-ac1f6b6435d0,0 21
508ea55c-baca-11e8-b2b8-ac1f6b6435d0,16 17
5092d36c-bac9-11e8-b2b8-ac1f6b6435d0,0 7
50a15b0e-bad2-11e8-b2b8-ac1f6b6435d0,0 23 25
50b720fe-baca-11e8-b2b8-ac1f6b6435d0,0 17 25
50bd6490-bad0-11e8-b2b8-ac1f6b6435d0,0 7 11
50c6df1c-baca-11e8-b2b8-ac1f6b6435d0,25
50cd06b2-bad9-11e8-b2b9-ac1f6b6435d0,0 25 26
50d71934-bacc-11e8-b2b8-ac1f6b6435d0,0 5 7 25
50d8480a-bacb-11e8-b2b8-ac1f6b6435d0,0 25
50dca360-bad4-11e8-b2b8-ac1f6b6435d0,4
50eae4ae-bac8-11e8-b2b8-ac1f6b6435d0,21 25
50edd7d4-bad4-11e8-b2b8-ac1f6b6435d0,0
50ee67be-bacd-11e8-b2b8-ac1f6b6435d0,4 25
50f3165e-bad4-11e8-b2b8-ac1f6b6435d0,7
50f8c770-bad9-11e8-b2b9-ac1f6b6435d0,19
510aec18-bacd-11e8-b2b8-ac1f6b6435d0,0 12
510ea154-bace-11e8-b2b8-ac1f6b6435d0,7
510f3694-bad5-11e8-b2b9-ac1f6b6435d0,0 23
5113bb16-baca-11e8-b2b8-ac1f6b6435d0,0 14
511b8498-bad1-11e8-b2b8-ac1f6b6435d0,0 5 25
51227454-bad3-11e8-b2b8-ac1f6b6435d0,19
5127e12a-bad6-11e8-b2b9-ac1f6b6435d0,25
512d437c-bad6-11e8-b2b9-ac1f6b6435d0,5
512f28ce-bad9-11e8-b2b9-ac1f6b6435d0,0 16 17 25
5135b312-bad2-11e8-b2b8-ac1f6b6435d0,7
513c2234-bad6-11e8-b2b9-ac1f6b6435d0,19
513d7010-bac9-11e8-b2b8-ac1f6b6435d0,0 11
513d8ba0-bac8-11e8-b2b8-ac1f6b6435d0,0 7
5142f3aa-bad8-11e8-b2b9-ac1f6b6435d0,14
51443094-bad3-11e8-b2b8-ac1f6b6435d0,6
5154ffea-bac5-11e8-b2b7-ac1f6b6435d0,0 25 26
515e5e50-bad4-11e8-b2b8-ac1f6b6435d0,1 25
515fcfe6-bad5-11e8-b2b9-ac1f6b6435d0,11
51636244-bad2-11e8-b2b8-ac1f6b6435d0,0
516605a2-bace-11e8-b2b8-ac1f6b6435d0,23
5169a1de-bacf-11e8-b2b8-ac1f6b6435d0,0 23
516ba8be-bacd-11e8-b2b8-ac1f6b6435d0,23 25
517348c8-bad5-11e8-b2b9-ac1f6b6435d0,0 25
517658ca-bacf-11e8-b2b8-ac1f6b6435d0,0 2
517683be-bac9-11e8-b2b8-ac1f6b6435d0,0 5 7
517a7ff6-bac8-11e8-b2b8-ac1f6b6435d0,0 2
517bb8c8-bac6-11e8-b2b7-ac1f6b6435d0,0 23
517c4d52-baca-11e8-b2b8-ac1f6b6435d0,0 24
517f5722-bad4-11e8-b2b8-ac1f6b6435d0,25
518164d2-bad8-11e8-b2b9-ac1f6b6435d0,11
518f2d2c-bacb-11e8-b2b8-ac1f6b6435d0,5
519286f8-bad9-11e8-b2b9-ac1f6b6435d0,0 19
51960714-bada-11e8-b2b9-ac1f6b6435d0,24
519c470e-bad6-11e8-b2b9-ac1f6b6435d0,0
519cc2a6-bac7-11e8-b2b7-ac1f6b6435d0,0 25
51a05ac6-baca-11e8-b2b8-ac1f6b6435d0,7 25
51a22868-bac7-11e8-b2b7-ac1f6b6435d0,0 25
51a2c564-bad8-11e8-b2b9-ac1f6b6435d0,0
51b27000-bac8-11e8-b2b8-ac1f6b6435d0,0 25
51bedcc0-bada-11e8-b2b9-ac1f6b6435d0,0 5 7
51c6096e-bada-11e8-b2b9-ac1f6b6435d0,23
51c78574-baca-11e8-b2b8-ac1f6b6435d0,0 2
51c87638-bad8-11e8-b2b9-ac1f6b6435d0,0 25
51c8fea8-bad5-11e8-b2b9-ac1f6b6435d0,0 25
51cd57d6-bad1-11e8-b2b8-ac1f6b6435d0,0 25
51d0c96c-bacb-11e8-b2b8-ac1f6b6435d0,0 18 25
51e8beb2-bac8-11e8-b2b8-ac1f6b6435d0,0 1 25
51efd482-bacc-11e8-b2b8-ac1f6b6435d0,0 2 7
51fc28c8-bac6-11e8-b2b7-ac1f6b6435d0,0 7 21
51fd8b3a-bac8-11e8-b2b8-ac1f6b6435d0,0
51fe72ca-bac8-11e8-b2b8-ac1f6b6435d0,0 2 23
51fe94ac-bad8-11e8-b2b9-ac1f6b6435d0,0 21
52056b7a-bad7-11e8-b2b9-ac1f6b6435d0,0 5 23
5211e988-bac6-11e8-b2b7-ac1f6b6435d0,0 3
52174fe4-bad1-11e8-b2b8-ac1f6b6435d0,0 2 25
5217e152-bacc-11e8-b2b8-ac1f6b6435d0,14
521a5be0-bac6-11e8-b2b7-ac1f6b6435d0,0
521a6018-bad0-11e8-b2b8-ac1f6b6435d0,0 2
521bee08-bace-11e8-b2b8-ac1f6b6435d0,18 19
52363daa-bad6-11e8-b2b9-ac1f6b6435d0,0 25
52385fb8-bad1-11e8-b2b8-ac1f6b6435d0,0 25
5243253e-bacb-11e8-b2b8-ac1f6b6435d0,0
5243ca7a-bac6-11e8-b2b7-ac1f6b6435d0,0 11
5244d15e-bada-11e8-b2b9-ac1f6b6435d0,0
5244fc52-bad9-11e8-b2b9-ac1f6b6435d0,0 3 23
5255f5b8-bad7-11e8-b2b9-ac1f6b6435d0,0
5261eb28-bac5-11e8-b2b7-ac1f6b6435d0,0 14 25
526d10b8-bacd-11e8-b2b8-ac1f6b6435d0,0 25
52768e5e-bac8-11e8-b2b8-ac1f6b6435d0,0 25
528aec48-bad0-11e8-b2b8-ac1f6b6435d0,0
52964fe8-bad5-11e8-b2b9-ac1f6b6435d0,18 19
529926ce-bad9-11e8-b2b9-ac1f6b6435d0,0 2 25
529f0a88-bad1-11e8-b2b8-ac1f6b6435d0,0 25
52a429bc-bace-11e8-b2b8-ac1f6b6435d0,0 7
52ad88d0-baca-11e8-b2b8-ac1f6b6435d0,0 25
52b4f83e-bad6-11e8-b2b9-ac1f6b6435d0,0 1
52b5143c-bad5-11e8-b2b9-ac1f6b6435d0,0
52c07a94-bad4-11e8-b2b8-ac1f6b6435d0,23 25
52c20b9e-bac9-11e8-b2b8-ac1f6b6435d0,25
52c2c3de-bacb-11e8-b2b8-ac1f6b6435d0,0 19
52c66e22-bad9-11e8-b2b9-ac1f6b6435d0,0 2
52cc7ba4-bacb-11e8-b2b8-ac1f6b6435d0,23
52ce4d78-bace-11e8-b2b8-ac1f6b6435d0,3 13
52e06d00-bad8-11e8-b2b9-ac1f6b6435d0,0 2 23 25
52edbd14-bac6-11e8-b2b7-ac1f6b6435d0,2 21 25
52f03ab6-bad6-11e8-b2b9-ac1f6b6435d0,0 2
52f1b6a4-baca-11e8-b2b8-ac1f6b6435d0,0 1
52fa222e-bad1-11e8-b2b8-ac1f6b6435d0,0 5 7
52fc50bc-bad1-11e8-b2b8-ac1f6b6435d0,0 21
52ffb348-bac6-11e8-b2b7-ac1f6b6435d0,0 2 7
5301e732-bad8-11e8-b2b9-ac1f6b6435d0,0 25
5302a856-bacf-11e8-b2b8-ac1f6b6435d0,0 5
53053cba-bacf-11e8-b2b8-ac1f6b6435d0,0 3
530773f4-bad4-11e8-b2b8-ac1f6b6435d0,2 4
530bfbea-baca-11e8-b2b8-ac1f6b6435d0,14
530e0f80-bac9-11e8-b2b8-ac1f6b6435d0,19 25
5310061c-bada-11e8-b2b9-ac1f6b6435d0,0 25
53121c7c-bad0-11e8-b2b8-ac1f6b6435d0,21 22
5312c0fe-bac7-11e8-b2b7-ac1f6b6435d0,0 3
5316f4ee-bad1-11e8-b2b8-ac1f6b6435d0,18
5326fee4-bacb-11e8-b2b8-ac1f6b6435d0,23
5336a138-bad4-11e8-b2b8-ac1f6b6435d0,0 7 25
533a0320-bad2-11e8-b2b8-ac1f6b6435d0,7
534a4ef4-bac5-11e8-b2b7-ac1f6b6435d0,18 25
53519caa-bac9-11e8-b2b8-ac1f6b6435d0,0 13
5352825c-bac7-11e8-b2b7-ac1f6b6435d0,6 25
53533d0e-bad2-11e8-b2b8-ac1f6b6435d0,0 21 26
535393a6-bac5-11e8-b2b7-ac1f6b6435d0,0 23
53579a72-bada-11e8-b2b9-ac1f6b6435d0,0 5
5358b3c2-bac5-11e8-b2b7-ac1f6b6435d0,0 2
535971fa-bad8-11e8-b2b9-ac1f6b6435d0,0 25
53659bd6-bada-11e8-b2b9-ac1f6b6435d0,0 21
536f5c9a-bace-11e8-b2b8-ac1f6b6435d0,0 21 25
537324da-bacc-11e8-b2b8-ac1f6b6435d0,0 2 25
537e851a-bada-11e8-b2b9-ac1f6b6435d0,0 17 25
5382d68a-bace-11e8-b2b8-ac1f6b6435d0,0 14
5389ee18-bac7-11e8-b2b7-ac1f6b6435d0,0 7
538cc9d6-bad0-11e8-b2b8-ac1f6b6435d0,0 25
53935f70-bad6-11e8-b2b9-ac1f6b6435d0,0 21 22
53986c4c-bac5-11e8-b2b7-ac1f6b6435d0,23
539ca37e-bada-11e8-b2b9-ac1f6b6435d0,25
53a5d154-bac8-11e8-b2b8-ac1f6b6435d0,0 2
53a9f4f2-bad5-11e8-b2b9-ac1f6b6435d0,0 5
53ad72fa-bac9-11e8-b2b8-ac1f6b6435d0,0 19 23
53b59306-bad1-11e8-b2b8-ac1f6b6435d0,0 22
53b6046a-bace-11e8-b2b8-ac1f6b6435d0,3 25
53b82be2-bacd-11e8-b2b8-ac1f6b6435d0,0 2
53ba5dda-bac9-11e8-b2b8-ac1f6b6435d0,0 2 25
53c235da-bad0-11e8-b2b8-ac1f6b6435d0,21
53c58896-bacd-11e8-b2b8-ac1f6b6435d0,0 13 22
53c6e63c-bac8-11e8-b2b8-ac1f6b6435d0,21
53c81b4a-bad9-11e8-b2b9-ac1f6b6435d0,25
53cc93dc-bac5-11e8-b2b7-ac1f6b6435d0,0 7 25
53e211c2-bad3-11e8-b2b8-ac1f6b6435d0,4
53ec0598-bac8-11e8-b2b8-ac1f6b6435d0,0 25
53ede8d8-bada-11e8-b2b9-ac1f6b6435d0,18 21 25
53f49b94-bad3-11e8-b2b8-ac1f6b6435d0,9 10
53f7f542-bad7-11e8-b2b9-ac1f6b6435d0,0 25
53fee602-bacf-11e8-b2b8-ac1f6b6435d0,0 21
54026006-bad0-11e8-b2b8-ac1f6b6435d0,11
54110602-bac5-11e8-b2b7-ac1f6b6435d0,0 7
54138f64-bad7-11e8-b2b9-ac1f6b6435d0,16 17 25
5414a402-bad3-11e8-b2b8-ac1f6b6435d0,21 25
541520c4-bac6-11e8-b2b7-ac1f6b6435d0,0 25
541ac51e-bac7-11e8-b2b7-ac1f6b6435d0,0 25
54217ef6-bacf-11e8-b2b8-ac1f6b6435d0,0 23
542467ec-bacf-11e8-b2b8-ac1f6b6435d0,7
5429fd94-bad2-11e8-b2b8-ac1f6b6435d0,0 25
543131bc-bad8-11e8-b2b9-ac1f6b6435d0,0 12 25
54332072-bacd-11e8-b2b8-ac1f6b6435d0,0 3
54383e64-bad6-11e8-b2b9-ac1f6b6435d0,25 26
543f5c24-bad8-11e8-b2b9-ac1f6b6435d0,0 26
54405356-bac7-11e8-b2b7-ac1f6b6435d0,0 5 21
5448345c-bad3-11e8-b2b8-ac1f6b6435d0,23
5448bd90-baca-11e8-b2b8-ac1f6b6435d0,17 25
544c0140-bad8-11e8-b2b9-ac1f6b6435d0,0 2 25
54653a32-bacb-11e8-b2b8-ac1f6b6435d0,21
54710966-bad5-11e8-b2b9-ac1f6b6435d0,25 26
547b3cc0-baca-11e8-b2b8-ac1f6b6435d0,0 19 25
54805336-bac5-11e8-b2b7-ac1f6b6435d0,4
548150d6-bad1-11e8-b2b8-ac1f6b6435d0,0 25
54886638-bacb-11e8-b2b8-ac1f6b6435d0,23
5488b160-bad5-11e8-b2b9-ac1f6b6435d0,0 23
549adf02-bad5-11e8-b2b9-ac1f6b6435d0,0 21
549b3dbc-bacb-11e8-b2b8-ac1f6b6435d0,0 25
54ab3346-bacd-11e8-b2b8-ac1f6b6435d0,0 1 7
54b0efde-bad2-11e8-b2b8-ac1f6b6435d0,25
54bd2690-bac9-11e8-b2b8-ac1f6b6435d0,0 4
54c27b4e-bad4-11e8-b2b8-ac1f6b6435d0,0 25
54cd597c-bacc-11e8-b2b8-ac1f6b6435d0,25
54cfdd24-bad0-11e8-b2b8-ac1f6b6435d0,0 25
54d5d120-bacb-11e8-b2b8-ac1f6b6435d0,0 25
54d5f204-bac6-11e8-b2b7-ac1f6b6435d0,0
54d6999e-bad9-11e8-b2b9-ac1f6b6435d0,25
54dc3122-bad6-11e8-b2b9-ac1f6b6435d0,23
54de5f5e-bad8-11e8-b2b9-ac1f6b6435d0,0 18 24
54e48490-bad0-11e8-b2b8-ac1f6b6435d0,0 23
54e5f07c-bad1-11e8-b2b8-ac1f6b6435d0,25
54e7ae3a-bad6-11e8-b2b9-ac1f6b6435d0,0 5 21 25
54eb9016-bace-11e8-b2b8-ac1f6b6435d0,0 25
54ecd45c-bad4-11e8-b2b8-ac1f6b6435d0,0 7 25
54ed9702-bac5-11e8-b2b7-ac1f6b6435d0,4
54ed99b2-bad6-11e8-b2b9-ac1f6b6435d0,11
54f65020-bad1-11e8-b2b8-ac1f6b6435d0,0 18 25
54f71bb8-bacc-11e8-b2b8-ac1f6b6435d0,25
54f9319c-bad5-11e8-b2b9-ac1f6b6435d0,23
54fd10dc-bacb-11e8-b2b8-ac1f6b6435d0,0 22 25
54fe6c08-baca-11e8-b2b8-ac1f6b6435d0,21
54ff9128-bac5-11e8-b2b7-ac1f6b6435d0,0 4
550fb08a-bacf-11e8-b2b8-ac1f6b6435d0,0 7 23
5518c1cc-bad2-11e8-b2b8-ac1f6b6435d0,25
5528c148-bace-11e8-b2b8-ac1f6b6435d0,0 21
552b7512-bad5-11e8-b2b9-ac1f6b6435d0,0 21
552b8bd6-bac8-11e8-b2b8-ac1f6b6435d0,23
552e9b36-bad3-11e8-b2b8-ac1f6b6435d0,0 4 25
5531d950-bad7-11e8-b2b9-ac1f6b6435d0,23
55362e3a-bad5-11e8-b2b9-ac1f6b6435d0,0 25
554356be-bada-11e8-b2b9-ac1f6b6435d0,0 24 25
5546e41a-bac5-11e8-b2b7-ac1f6b6435d0,23
554f191e-bad4-11e8-b2b8-ac1f6b6435d0,5 21
55572f20-bacd-11e8-b2b8-ac1f6b6435d0,0 14 25
556c050e-bad6-11e8-b2b9-ac1f6b6435d0,0 25
556c8158-bace-11e8-b2b8-ac1f6b6435d0,0 25
556e2eba-bac7-11e8-b2b7-ac1f6b6435d0,0
5573e34c-bad5-11e8-b2b9-ac1f6b6435d0,0 19
5580fbb0-bace-11e8-b2b8-ac1f6b6435d0,0 2
5584662c-bad0-11e8-b2b8-ac1f6b6435d0,0 25
5584d1d6-bad3-11e8-b2b8-ac1f6b6435d0,0 18
558e8d8e-bac9-11e8-b2b8-ac1f6b6435d0,0 5 19
5591e678-bace-11e8-b2b8-ac1f6b6435d0,14
559ba806-bad9-11e8-b2b9-ac1f6b6435d0,0 22
55a79386-bacb-11e8-b2b8-ac1f6b6435d0,11
55a81532-baca-11e8-b2b8-ac1f6b6435d0,23
55aad564-bada-11e8-b2b9-ac1f6b6435d0,0 25
55b2528a-bad0-11e8-b2b8-ac1f6b6435d0,0 18 24
55b63714-bacc-11e8-b2b8-ac1f6b6435d0,0
55b7930c-bac7-11e8-b2b7-ac1f6b6435d0,14
55bdb446-bacf-11e8-b2b8-ac1f6b6435d0,0 2 25
55d40278-baca-11e8-b2b8-ac1f6b6435d0,0 2 25
55d71ecc-bad9-11e8-b2b9-ac1f6b6435d0,6 23
55d8b894-bad5-11e8-b2b9-ac1f6b6435d0,21 25
55dd6e1c-bacf-11e8-b2b8-ac1f6b6435d0,0 23 25
55e00494-bac8-11e8-b2b8-ac1f6b6435d0,0 5
55eb4db6-baca-11e8-b2b8-ac1f6b6435d0,22 25
55ebc830-bacb-11e8-b2b8-ac1f6b6435d0,11
55ed0c68-bac6-11e8-b2b7-ac1f6b6435d0,21 25
55eeb8ba-bad5-11e8-b2b9-ac1f6b6435d0,0 1
55f2f080-bad8-11e8-b2b9-ac1f6b6435d0,0 25
55fd7192-bad1-11e8-b2b8-ac1f6b6435d0,0 23
56009850-bada-11e8-b2b9-ac1f6b6435d0,0 2 25
5601c5a4-bada-11e8-b2b9-ac1f6b6435d0,23 26
56029c66-bac8-11e8-b2b8-ac1f6b6435d0,0 23
5604018c-bad2-11e8-b2b8-ac1f6b6435d0,0 25
5606ea12-bac5-11e8-b2b7-ac1f6b6435d0,0 7 25
560b42ca-bad8-11e8-b2b9-ac1f6b6435d0,0 26
560c9c34-bac8-11e8-b2b8-ac1f6b6435d0,0 18 19
560f35d0-bac7-11e8-b2b7-ac1f6b6435d0,0 1
561193c2-bacf-11e8-b2b8-ac1f6b6435d0,4 25
561298f0-bad2-11e8-b2b8-ac1f6b6435d0,0 14 25
561463d0-bada-11e8-b2b9-ac1f6b6435d0,0 2 21 25
561506a6-bad9-11e8-b2b9-ac1f6b6435d0,0 1
561b4f2e-bad0-11e8-b2b8-ac1f6b6435d0,4
562171fc-bacf-11e8-b2b8-ac1f6b6435d0,23
5625f1c2-bad5-11e8-b2b9-ac1f6b6435d0,0 25
562c4974-bac5-11e8-b2b7-ac1f6b6435d0,21 23
563a3ed2-bacd-11e8-b2b8-ac1f6b6435d0,13
563bfd12-bad7-11e8-b2b9-ac1f6b6435d0,0 23 25
563f8b84-bace-11e8-b2b8-ac1f6b6435d0,21
5651202a-bad2-11e8-b2b8-ac1f6b6435d0,0 22
5652d85c-bad7-11e8-b2b9-ac1f6b6435d0,0 21 23
565369f4-bacb-11e8-b2b8-ac1f6b6435d0,23
5658f188-bacd-11e8-b2b8-ac1f6b6435d0,6
5659ddee-bad4-11e8-b2b8-ac1f6b6435d0,5 14
565e6802-bad7-11e8-b2b9-ac1f6b6435d0,0 21 25
5661665e-bacf-11e8-b2b8-ac1f6b6435d0,0 14 16 17
56661a60-bad3-11e8-b2b8-ac1f6b6435d0,0 2
5676091c-bad7-11e8-b2b9-ac1f6b6435d0,0 21 25
567c4b66-bad1-11e8-b2b8-ac1f6b6435d0,0 7
567ca554-bad4-11e8-b2b8-ac1f6b6435d0,0 25
5681f91e-bac5-11e8-b2b7-ac1f6b6435d0,0
568313fe-bac9-11e8-b2b8-ac1f6b6435d0,25
568423d4-bac9-11e8-b2b8-ac1f6b6435d0,0 23
5684c688-bad6-11e8-b2b9-ac1f6b6435d0,25
56865714-bad1-11e8-b2b8-ac1f6b6435d0,0 4 12 25
569ab4e8-bad6-11e8-b2b9-ac1f6b6435d0,25
56a0c1aa-bad4-11e8-b2b8-ac1f6b6435d0,13
56a73310-bad8-11e8-b2b9-ac1f6b6435d0,7
56abe318-bad0-11e8-b2b8-ac1f6b6435d0,25
56abf8f6-bacd-11e8-b2b8-ac1f6b6435d0,2 25
56b2be24-bad3-11e8-b2b8-ac1f6b6435d0,0 21 25
56bb0b0c-bad7-11e8-b2b9-ac1f6b6435d0,14 17
56cccc2c-bacb-11e8-b2b8-ac1f6b6435d0,0 21 25
56d2d502-bac8-11e8-b2b8-ac1f6b6435d0,0 16 17 25
56df566a-bad7-11e8-b2b9-ac1f6b6435d0,0 12 21
56e37ec2-bac6-11e8-b2b7-ac1f6b6435d0,11
56e5eac6-bac7-11e8-b2b7-ac1f6b6435d0,0 5
56ec7ebe-bad0-11e8-b2b8-ac1f6b6435d0,0
56f1f414-bad2-11e8-b2b8-ac1f6b6435d0,0 25
56f6c17e-bad7-11e8-b2b9-ac1f6b6435d0,0 2
56f71186-bacf-11e8-b2b8-ac1f6b6435d0,7
56fd5172-bad9-11e8-b2b9-ac1f6b6435d0,0 2 3 5
5700ebfe-bacd-11e8-b2b8-ac1f6b6435d0,6 25
57012e3e-bacd-11e8-b2b8-ac1f6b6435d0,0 19
57080fda-bacb-11e8-b2b8-ac1f6b6435d0,0 21
570b5c16-bac7-11e8-b2b7-ac1f6b6435d0,0 21 25
57182c9a-baca-11e8-b2b8-ac1f6b6435d0,0 4 7 25
57192602-bac7-11e8-b2b7-ac1f6b6435d0,14
571e31ee-bad4-11e8-b2b8-ac1f6b6435d0,0
572439f2-bacc-11e8-b2b8-ac1f6b6435d0,21 25
5727b28a-bacc-11e8-b2b8-ac1f6b6435d0,2 25
573cec3c-bada-11e8-b2b9-ac1f6b6435d0,0 25
573d99c4-bacc-11e8-b2b8-ac1f6b6435d0,0 18 19
57403c72-bad3-11e8-b2b8-ac1f6b6435d0,21
574410e8-bada-11e8-b2b9-ac1f6b6435d0,0 7
5747714c-bacc-11e8-b2b8-ac1f6b6435d0,7 18
5747d812-bac7-11e8-b2b7-ac1f6b6435d0,25
575505a6-bac6-11e8-b2b7-ac1f6b6435d0,24
57556fda-bad2-11e8-b2b8-ac1f6b6435d0,0 2
5758e5c0-bac8-11e8-b2b8-ac1f6b6435d0,0 22 25
5759027c-bac7-11e8-b2b7-ac1f6b6435d0,0 2 21 25
575c5de6-bac7-11e8-b2b7-ac1f6b6435d0,0 23
57637094-bac8-11e8-b2b8-ac1f6b6435d0,23
576501b8-bada-11e8-b2b9-ac1f6b6435d0,23
5766bfd4-bacc-11e8-b2b8-ac1f6b6435d0,21 25
576b6750-bacc-11e8-b2b8-ac1f6b6435d0,21 25
576d9b98-bada-11e8-b2b9-ac1f6b6435d0,0 21 25
576dea00-bace-11e8-b2b8-ac1f6b6435d0,0 21 25
5772a1c4-bac6-11e8-b2b7-ac1f6b6435d0,0 25
5773ac3a-bacc-11e8-b2b8-ac1f6b6435d0,0 20
5779380e-bada-11e8-b2b9-ac1f6b6435d0,5 25
577f8cd2-bac5-11e8-b2b7-ac1f6b6435d0,13 22
5785ff2c-baca-11e8-b2b8-ac1f6b6435d0,21 22
5786fca0-bacb-11e8-b2b8-ac1f6b6435d0,0 4
57884f24-bada-11e8-b2b9-ac1f6b6435d0,0 18 19 25
5798b8c0-bac9-11e8-b2b8-ac1f6b6435d0,0 3 6 23
579ca374-bad6-11e8-b2b9-ac1f6b6435d0,0 25
57af5d84-bad6-11e8-b2b9-ac1f6b6435d0,0 2
57b14b80-bad6-11e8-b2b9-ac1f6b6435d0,0 11 19
57b8bbc4-bad4-11e8-b2b8-ac1f6b6435d0,21 25
57c32d80-bace-11e8-b2b8-ac1f6b6435d0,0 2 26
57c33aec-bacd-11e8-b2b8-ac1f6b6435d0,0 12 25
57c9d010-bad1-11e8-b2b8-ac1f6b6435d0,0 21 25
57ccd1be-bace-11e8-b2b8-ac1f6b6435d0,0 2
57d2cbfa-bac9-11e8-b2b8-ac1f6b6435d0,2 5
57d9998c-bac7-11e8-b2b7-ac1f6b6435d0,23
57df8502-bace-11e8-b2b8-ac1f6b6435d0,0 12 21
57e87850-bad4-11e8-b2b8-ac1f6b6435d0,0 14 16 17 25
57eb9134-bad9-11e8-b2b9-ac1f6b6435d0,19
57ed8c60-bad3-11e8-b2b8-ac1f6b6435d0,0 21
57f327c8-bad4-11e8-b2b8-ac1f6b6435d0,25
57f5f90c-bacb-11e8-b2b8-ac1f6b6435d0,7 25
57fca030-bacc-11e8-b2b8-ac1f6b6435d0,0 25
5802b7f6-bad9-11e8-b2b9-ac1f6b6435d0,21
580ef72c-bad5-11e8-b2b9-ac1f6b6435d0,0 2 15 16
58148166-bacf-11e8-b2b8-ac1f6b6435d0,14
5817936a-bad4-11e8-b2b8-ac1f6b6435d0,25
58180e40-bac9-11e8-b2b8-ac1f6b6435d0,22
581b96dc-bad3-11e8-b2b8-ac1f6b6435d0,0 16
583aaf0e-bac9-11e8-b2b8-ac1f6b6435d0,0 4 25
583ce054-bad7-11e8-b2b9-ac1f6b6435d0,3 5
5842bf76-bac6-11e8-b2b7-ac1f6b6435d0,0 25
58449a0e-bad9-11e8-b2b9-ac1f6b6435d0,4
58457ad4-bac8-11e8-b2b8-ac1f6b6435d0,0 2 25
58472c24-bacf-11e8-b2b8-ac1f6b6435d0,0 2
584c165c-bacb-11e8-b2b8-ac1f6b6435d0,0
584d194c-bad7-11e8-b2b9-ac1f6b6435d0,0 2
584e5968-bacf-11e8-b2b8-ac1f6b6435d0,14 25
585d7eb2-bac9-11e8-b2b8-ac1f6b6435d0,0 25
5861a6ca-bac6-11e8-b2b7-ac1f6b6435d0,21 23 25
586f9606-bad8-11e8-b2b9-ac1f6b6435d0,0
58712ff2-bad8-11e8-b2b9-ac1f6b6435d0,25
58898cfa-bad3-11e8-b2b8-ac1f6b6435d0,0 25
588b7904-bacc-11e8-b2b8-ac1f6b6435d0,7
589b3070-bad0-11e8-b2b8-ac1f6b6435d0,0 3
589f8c0a-bacc-11e8-b2b8-ac1f6b6435d0,0 2 25
58a0b5e6-baca-11e8-b2b8-ac1f6b6435d0,0 25
58a0fc6e-bad8-11e8-b2b9-ac1f6b6435d0,0 22
58a3192a-bac6-11e8-b2b7-ac1f6b6435d0,0 2
58a32ad4-bace-11e8-b2b8-ac1f6b6435d0,21 25
58a7abee-bac5-11e8-b2b7-ac1f6b6435d0,0 21 25
58a81a50-bad1-11e8-b2b8-ac1f6b6435d0,0 23
58b0be90-bad5-11e8-b2b9-ac1f6b6435d0,0 2
58b434a2-bad1-11e8-b2b8-ac1f6b6435d0,0 25
58b4e960-bacc-11e8-b2b8-ac1f6b6435d0,2 25
58b63804-bace-11e8-b2b8-ac1f6b6435d0,0 3 25
58b670d8-bad0-11e8-b2b8-ac1f6b6435d0,0 26
58bb3c34-bad6-11e8-b2b9-ac1f6b6435d0,0
58bf54fe-bad1-11e8-b2b8-ac1f6b6435d0,25
58c071fe-bad6-11e8-b2b9-ac1f6b6435d0,0 23
58c0d0bc-bad7-11e8-b2b9-ac1f6b6435d0,0 19
58c44914-bad6-11e8-b2b9-ac1f6b6435d0,0 1
58c6d6c8-bad3-11e8-b2b8-ac1f6b6435d0,0 7
58d2d9cc-bacf-11e8-b2b8-ac1f6b6435d0,12
58db7660-bad2-11e8-b2b8-ac1f6b6435d0,25
58e9a616-bad9-11e8-b2b9-ac1f6b6435d0,0 21
58f0d552-bac6-11e8-b2b7-ac1f6b6435d0,21
58f6b470-bad7-11e8-b2b9-ac1f6b6435d0,0 5 25
58f7dda2-bacb-11e8-b2b8-ac1f6b6435d0,12
58fae9be-bacd-11e8-b2b8-ac1f6b6435d0,0 26
590414c8-bad0-11e8-b2b8-ac1f6b6435d0,0 23
5911cd62-baca-11e8-b2b8-ac1f6b6435d0,7
5913542a-bad9-11e8-b2b9-ac1f6b6435d0,0 19
591d0a52-bad3-11e8-b2b8-ac1f6b6435d0,21
5923d32a-bad1-11e8-b2b8-ac1f6b6435d0,0 12 25
59275dee-baca-11e8-b2b8-ac1f6b6435d0,23
5928a708-bad4-11e8-b2b8-ac1f6b6435d0,6 25
59302658-bad0-11e8-b2b8-ac1f6b6435d0,14 17 25
59328dc6-bad5-11e8-b2b9-ac1f6b6435d0,0 5
59369d62-bad0-11e8-b2b8-ac1f6b6435d0,0 25
593e1786-bacb-11e8-b2b8-ac1f6b6435d0,0 3
593efbd2-bac7-11e8-b2b7-ac1f6b6435d0,0 23
594977f2-bad0-11e8-b2b8-ac1f6b6435d0,23
5956ac2e-bac6-11e8-b2b7-ac1f6b6435d0,6 11 25
59604078-bad9-11e8-b2b9-ac1f6b6435d0,0 16
59693e40-bac9-11e8-b2b8-ac1f6b6435d0,2 3 7 23
596a41b6-bac7-11e8-b2b7-ac1f6b6435d0,0
596d51b0-bad3-11e8-b2b8-ac1f6b6435d0,0 4 5
596eb07e-bad2-11e8-b2b8-ac1f6b6435d0,3
596ed036-bac8-11e8-b2b8-ac1f6b6435d0,25
59742f20-bac5-11e8-b2b7-ac1f6b6435d0,4
597dcbf6-bac6-11e8-b2b7-ac1f6b6435d0,0 25
597de1fa-bacf-11e8-b2b8-ac1f6b6435d0,0 4 25
597ebaba-bac7-11e8-b2b7-ac1f6b6435d0,0
597fd74c-bad6-11e8-b2b9-ac1f6b6435d0,0 25
59839f1e-bad4-11e8-b2b8-ac1f6b6435d0,23
59887380-bacb-11e8-b2b8-ac1f6b6435d0,0
598cf156-bacd-11e8-b2b8-ac1f6b6435d0,0 5 25
5991c8b0-bac9-11e8-b2b8-ac1f6b6435d0,0 1
59976522-bace-11e8-b2b8-ac1f6b6435d0,2 23 25
599ee704-bac7-11e8-b2b7-ac1f6b6435d0,0 19
59a01220-baca-11e8-b2b8-ac1f6b6435d0,0
59a2be6e-bad2-11e8-b2b8-ac1f6b6435d0,21 25
59a76ac4-bacb-11e8-b2b8-ac1f6b6435d0,7
59a8f284-bac8-11e8-b2b8-ac1f6b6435d0,0 7
59af2e88-bac8-11e8-b2b8-ac1f6b6435d0,0 23
59b377b6-bad9-11e8-b2b9-ac1f6b6435d0,23
59b9b37c-bad1-11e8-b2b8-ac1f6b6435d0,7
59bfc16a-bad9-11e8-b2b9-ac1f6b6435d0,5 25
59c3e774-bad2-11e8-b2b8-ac1f6b6435d0,0 7 25
59c7ea46-bac7-11e8-b2b7-ac1f6b6435d0,0 21 25
59cfc56c-bacd-11e8-b2b8-ac1f6b6435d0,0 25
59d0cc4e-bacf-11e8-b2b8-ac1f6b6435d0,0 1
59d1bf42-bad3-11e8-b2b8-ac1f6b6435d0,11 23
59d71e70-bac8-11e8-b2b8-ac1f6b6435d0,0 1 12
59d921a6-bace-11e8-b2b8-ac1f6b6435d0,0 2 21 25
59d92c40-baca-11e8-b2b8-ac1f6b6435d0,0 21
59df44a6-bacd-11e8-b2b8-ac1f6b6435d0,0 23
59f082e0-bacb-11e8-b2b8-ac1f6b6435d0,23 25
59f6c990-bad8-11e8-b2b9-ac1f6b6435d0,5 19
59fa88ba-bac8-11e8-b2b8-ac1f6b6435d0,0 25
5a07582c-bad4-11e8-b2b8-ac1f6b6435d0,0 11
5a0887fc-bad3-11e8-b2b8-ac1f6b6435d0,0
5a108e82-bada-11e8-b2b9-ac1f6b6435d0,0 21 25
5a1ae7c8-bad1-11e8-b2b8-ac1f6b6435d0,0 21
5a1ceab6-bac5-11e8-b2b7-ac1f6b6435d0,0 3 23
5a1eec34-bad0-11e8-b2b8-ac1f6b6435d0,0 2 3 7 25
5a25b006-baca-11e8-b2b8-ac1f6b6435d0,23
5a2f24ac-bad3-11e8-b2b8-ac1f6b6435d0,0 25
5a344f0a-bad2-11e8-b2b8-ac1f6b6435d0,23 25
5a372552-bad9-11e8-b2b9-ac1f6b6435d0,14
5a4162c8-bada-11e8-b2b9-ac1f6b6435d0,0 5
5a4b69b2-bad0-11e8-b2b8-ac1f6b6435d0,0 4
5a4fbf08-bad5-11e8-b2b9-ac1f6b6435d0,0 5
5a50c16a-baca-11e8-b2b8-ac1f6b6435d0,0 13 22
5a531170-bad1-11e8-b2b8-ac1f6b6435d0,0 21
5a56f7e8-bac9-11e8-b2b8-ac1f6b6435d0,0 19
5a5a10b6-bac6-11e8-b2b7-ac1f6b6435d0,0 5
5a5f079a-bad7-11e8-b2b9-ac1f6b6435d0,2 7 21 25
5a6da8ca-bad9-11e8-b2b9-ac1f6b6435d0,0 26
5a6dec9c-bacd-11e8-b2b8-ac1f6b6435d0,19 22
5a708c58-bad8-11e8-b2b9-ac1f6b6435d0,2 21
5a74af9c-bac7-11e8-b2b7-ac1f6b6435d0,1 25
5a753926-bad6-11e8-b2b9-ac1f6b6435d0,0 25
5a79ba48-baca-11e8-b2b8-ac1f6b6435d0,25
5a7ebfd6-bacd-11e8-b2b8-ac1f6b6435d0,0 4
5a839758-bad8-11e8-b2b9-ac1f6b6435d0,2 25
5a859d5a-bad8-11e8-b2b9-ac1f6b6435d0,0 14 16 17
5a86c9f6-bad7-11e8-b2b9-ac1f6b6435d0,0 23
5a87c61e-bad5-11e8-b2b9-ac1f6b6435d0,6 25
5a8ec16c-bad5-11e8-b2b9-ac1f6b6435d0,0 21 25
5a8ec582-bac5-11e8-b2b7-ac1f6b6435d0,0 21 25
5a95155a-bace-11e8-b2b8-ac1f6b6435d0,0 23 25
5a98404c-bac7-11e8-b2b7-ac1f6b6435d0,0 23 25
5a998e64-bad3-11e8-b2b8-ac1f6b6435d0,14
5aa17b20-bad7-11e8-b2b9-ac1f6b6435d0,1 23
5aa76c66-bacc-11e8-b2b8-ac1f6b6435d0,4 25
5aaae8b4-bad1-11e8-b2b8-ac1f6b6435d0,0 2 12 21
5aadde18-bac5-11e8-b2b7-ac1f6b6435d0,
5ab7ff90-bacc-11e8-b2b8-ac1f6b6435d0,0 21 25
5ab96c64-bacb-11e8-b2b8-ac1f6b6435d0,0 21 25
5abc8d62-bad6-11e8-b2b9-ac1f6b6435d0,4 25
5abf13a4-bad4-11e8-b2b8-ac1f6b6435d0,0 7
5ace9328-bad5-11e8-b2b9-ac1f6b6435d0,7 21
5acea742-bad9-11e8-b2b9-ac1f6b6435d0,0 3
5ad38d1e-bacc-11e8-b2b8-ac1f6b6435d0,14
5ae47e3e-bacd-11e8-b2b8-ac1f6b6435d0,18 19 25
5ae72c98-bad1-11e8-b2b8-ac1f6b6435d0,21 22
5aeb7b30-bad7-11e8-b2b9-ac1f6b6435d0,0 11
5af4fd88-bad0-11e8-b2b8-ac1f6b6435d0,0 19
5af9f7bc-bad4-11e8-b2b8-ac1f6b6435d0,5 24
5afe5706-bad6-11e8-b2b9-ac1f6b6435d0,0 2
5afef700-bad2-11e8-b2b8-ac1f6b6435d0,14
5b090c18-bad2-11e8-b2b8-ac1f6b6435d0,2 5
5b111c10-bad6-11e8-b2b9-ac1f6b6435d0,24
5b13d30a-bad7-11e8-b2b9-ac1f6b6435d0,0 2
5b22e944-bacd-11e8-b2b8-ac1f6b6435d0,0 25
5b296f5c-bad3-11e8-b2b8-ac1f6b6435d0,0 1
5b2dc138-bad3-11e8-b2b8-ac1f6b6435d0,0 17 18 21 25
5b334e3a-bada-11e8-b2b9-ac1f6b6435d0,0 5 21 25
5b45fe4c-bace-11e8-b2b8-ac1f6b6435d0,0 20 25
5b4822e2-bada-11e8-b2b9-ac1f6b6435d0,23
5b622e56-bac8-11e8-b2b8-ac1f6b6435d0,0 2 25
5b685d12-bad2-11e8-b2b8-ac1f6b6435d0,0 25
5b6c6caa-bad6-11e8-b2b9-ac1f6b6435d0,0 26
5b75a4ba-bad5-11e8-b2b9-ac1f6b6435d0,0 25
5b78a6c6-bace-11e8-b2b8-ac1f6b6435d0,7 25
5b827eb2-bad8-11e8-b2b9-ac1f6b6435d0,2 14
5b83e6ba-bac6-11e8-b2b7-ac1f6b6435d0,0 25
5b880f88-bac6-11e8-b2b7-ac1f6b6435d0,7
5b8958d2-bac8-11e8-b2b8-ac1f6b6435d0,0
5b896578-baca-11e8-b2b8-ac1f6b6435d0,0 25
5b8f9042-bac5-11e8-b2b7-ac1f6b6435d0,0 3
5b910802-bac8-11e8-b2b8-ac1f6b6435d0,0 23
5b92106a-bad4-11e8-b2b8-ac1f6b6435d0,3
5b92d51e-bad8-11e8-b2b9-ac1f6b6435d0,0 25
5b95ca28-bad1-11e8-b2b8-ac1f6b6435d0,0 21 25
5b95fc4c-bad5-11e8-b2b9-ac1f6b6435d0,0 26
5baeabf6-bad1-11e8-b2b8-ac1f6b6435d0,4 21
5bb90074-bad6-11e8-b2b9-ac1f6b6435d0,0 11
5bcdfd36-bada-11e8-b2b9-ac1f6b6435d0,0 2 25
5bd512ee-bac9-11e8-b2b8-ac1f6b6435d0,23
5bdbd622-bad5-11e8-b2b9-ac1f6b6435d0,0 3 25
5bdfc8c4-bace-11e8-b2b8-ac1f6b6435d0,23 25
5be0ca18-bac8-11e8-b2b8-ac1f6b6435d0,25
5be5db8a-bac7-11e8-b2b7-ac1f6b6435d0,0
5be8cbfc-bad0-11e8-b2b8-ac1f6b6435d0,0 5
5be9bde8-bac9-11e8-b2b8-ac1f6b6435d0,0 21 25
5bef2268-bac6-11e8-b2b7-ac1f6b6435d0,25 26
5bf80fd6-bac6-11e8-b2b7-ac1f6b6435d0,14
5bf95c98-bac5-11e8-b2b7-ac1f6b6435d0,2 13 22
5bfec8ea-bad4-11e8-b2b8-ac1f6b6435d0,0
5c087a6c-bad3-11e8-b2b8-ac1f6b6435d0,2 21
5c09d034-bad7-11e8-b2b9-ac1f6b6435d0,0
5c135c7a-bac9-11e8-b2b8-ac1f6b6435d0,21 25
5c1666d4-bada-11e8-b2b9-ac1f6b6435d0,0 25
5c19356a-bac8-11e8-b2b8-ac1f6b6435d0,2
5c1a7732-bad1-11e8-b2b8-ac1f6b6435d0,2 25
5c1d2e3e-baca-11e8-b2b8-ac1f6b6435d0,11
5c2044e0-bac8-11e8-b2b8-ac1f6b6435d0,0 7 25
5c2da0e4-bac9-11e8-b2b8-ac1f6b6435d0,0 2
5c2ef3e0-bad8-11e8-b2b9-ac1f6b6435d0,0 21 25
5c3068be-bad9-11e8-b2b9-ac1f6b6435d0,0 1 25
5c31e972-bada-11e8-b2b9-ac1f6b6435d0,23
5c329c90-bac7-11e8-b2b7-ac1f6b6435d0,0 23
5c3a0e00-bad4-11e8-b2b8-ac1f6b6435d0,0 17 25
5c440220-bacf-11e8-b2b8-ac1f6b6435d0,0 16 22 25
5c444c0a-bad2-11e8-b2b8-ac1f6b6435d0,23
5c488d2e-bad2-11e8-b2b8-ac1f6b6435d0,0 21 22
5c48a45e-bac7-11e8-b2b7-ac1f6b6435d0,23
5c50ef7a-bad5-11e8-b2b9-ac1f6b6435d0,0 25
5c557120-bac7-11e8-b2b7-ac1f6b6435d0,2
5c5c1bf6-bacc-11e8-b2b8-ac1f6b6435d0,0 2 3
5c5c6962-bacc-11e8-b2b8-ac1f6b6435d0,0 7 23
5c5d0ea0-bac5-11e8-b2b7-ac1f6b6435d0,0
5c72c580-bad7-11e8-b2b9-ac1f6b6435d0,19
5c738940-bad0-11e8-b2b8-ac1f6b6435d0,4 14 16
5c79be16-bad8-11e8-b2b9-ac1f6b6435d0,0 14
5c82653a-bad7-11e8-b2b9-ac1f6b6435d0,0 11 25
5c956d02-bad1-11e8-b2b8-ac1f6b6435d0,21
5c9ba9a2-bac6-11e8-b2b7-ac1f6b6435d0,22 25
5c9c9a24-bad5-11e8-b2b9-ac1f6b6435d0,0
5cc249ae-bacb-11e8-b2b8-ac1f6b6435d0,0
5cc321dc-bad3-11e8-b2b8-ac1f6b6435d0,0 1
5cc7a970-bad6-11e8-b2b9-ac1f6b6435d0,0 25
5cd65842-bad3-11e8-b2b8-ac1f6b6435d0,0 5 25
5cdcc81e-bad1-11e8-b2b8-ac1f6b6435d0,0 21
5cdf6ad6-bad8-11e8-b2b9-ac1f6b6435d0,0 5
5ce32d5a-bad4-11e8-b2b8-ac1f6b6435d0,5 24
5ce72cf2-bad9-11e8-b2b9-ac1f6b6435d0,0 23
5cf25ab2-bacc-11e8-b2b8-ac1f6b6435d0,0 7
5cf3105c-bac6-11e8-b2b7-ac1f6b6435d0,0 25
5cfcec78-bac9-11e8-b2b8-ac1f6b6435d0,0 22
5cfd1a1a-bacc-11e8-b2b8-ac1f6b6435d0,6 25
5d065c5c-bacb-11e8-b2b8-ac1f6b6435d0,14 25
5d0cda86-bad1-11e8-b2b8-ac1f6b6435d0,0 5 21
5d0f3d42-bad3-11e8-b2b8-ac1f6b6435d0,0 25
5d151f60-bad2-11e8-b2b8-ac1f6b6435d0,0 24 25
5d188122-bac9-11e8-b2b8-ac1f6b6435d0,0 19 21 25
5d1e473a-bad1-11e8-b2b8-ac1f6b6435d0,0 14
5d25ab1e-bad7-11e8-b2b9-ac1f6b6435d0,0 7
5d2711a6-bac9-11e8-b2b8-ac1f6b6435d0,14 25
5d3f8fd0-bacc-11e8-b2b8-ac1f6b6435d0,7
5d43574a-bacd-11e8-b2b8-ac1f6b6435d0,0 1
5d47bc86-bacd-11e8-b2b8-ac1f6b6435d0,25
5d48f7d2-bacc-11e8-b2b8-ac1f6b6435d0,0 25
5d4ad068-bad9-11e8-b2b9-ac1f6b6435d0,0 3
5d50483c-bad8-11e8-b2b9-ac1f6b6435d0,0 2 25
5d59950c-bad0-11e8-b2b8-ac1f6b6435d0,0 16 21
5d5fd2aa-bad0-11e8-b2b8-ac1f6b6435d0,0 14 16 17 25
5d67c5de-bac9-11e8-b2b8-ac1f6b6435d0,0 25
5d6dc496-bad5-11e8-b2b9-ac1f6b6435d0,7 23
5d7cdbe2-bac7-11e8-b2b7-ac1f6b6435d0,2 25
5d80fe76-bad0-11e8-b2b8-ac1f6b6435d0,0 1 25
5d89bfe6-bad7-11e8-b2b9-ac1f6b6435d0,0 25
5d8f0efe-bacf-11e8-b2b8-ac1f6b6435d0,0 21 25
5d8f3b30-bac6-11e8-b2b7-ac1f6b6435d0,21 25
5d90d9e6-bad9-11e8-b2b9-ac1f6b6435d0,0 19
5d921cc2-bacd-11e8-b2b8-ac1f6b6435d0,0 25
5d9232ca-bad7-11e8-b2b9-ac1f6b6435d0,21 25
5d93fc8c-bacc-11e8-b2b8-ac1f6b6435d0,2 23 25
5da7afc2-baca-11e8-b2b8-ac1f6b6435d0,7
5daba7d6-bace-11e8-b2b8-ac1f6b6435d0,0 21
5db72a6c-bad2-11e8-b2b8-ac1f6b6435d0,14 25
5db832ba-bada-11e8-b2b9-ac1f6b6435d0,0 25
5dc325b6-bad1-11e8-b2b8-ac1f6b6435d0,0 7 25
5dc7da0e-bac5-11e8-b2b7-ac1f6b6435d0,0 7 23
5dcab010-bad1-11e8-b2b8-ac1f6b6435d0,0 18
5dd53bc6-bad5-11e8-b2b9-ac1f6b6435d0,25
5ddcb564-bac5-11e8-b2b7-ac1f6b6435d0,0 26
5de3876a-bacd-11e8-b2b8-ac1f6b6435d0,2
5dee8b52-bacc-11e8-b2b8-ac1f6b6435d0,0 25
5df35252-bad3-11e8-b2b8-ac1f6b6435d0,4
5df4d8de-bac9-11e8-b2b8-ac1f6b6435d0,7 21 23
5df67cc2-bad6-11e8-b2b9-ac1f6b6435d0,0
5df81d6c-bad5-11e8-b2b9-ac1f6b6435d0,0 25
5df893f2-bac9-11e8-b2b8-ac1f6b6435d0,13 22
5e003ffc-bad9-11e8-b2b9-ac1f6b6435d0,0 2 25
5e04488c-bac9-11e8-b2b8-ac1f6b6435d0,0 19 21 25
5e16c498-bacf-11e8-b2b8-ac1f6b6435d0,0 14
5e178e74-bace-11e8-b2b8-ac1f6b6435d0,0 12
5e254a4a-bacf-11e8-b2b8-ac1f6b6435d0,2 7 23
5e26f430-bad9-11e8-b2b9-ac1f6b6435d0,0 25
5e306c8c-bace-11e8-b2b8-ac1f6b6435d0,14 16 17
5e32b996-bad9-11e8-b2b9-ac1f6b6435d0,0 21 25
5e3337b4-bace-11e8-b2b8-ac1f6b6435d0,0
5e3b8532-bacd-11e8-b2b8-ac1f6b6435d0,5 23 24
5e3b8ee6-bad3-11e8-b2b8-ac1f6b6435d0,4
5e3dcd98-bad6-11e8-b2b9-ac1f6b6435d0,11 21
5e447838-bad0-11e8-b2b8-ac1f6b6435d0,0 7 23
5e457bec-bad6-11e8-b2b9-ac1f6b6435d0,0 25
5e490822-bacf-11e8-b2b8-ac1f6b6435d0,6 25
5e4fb436-bad6-11e8-b2b9-ac1f6b6435d0,0 25
5e59a1fc-bad2-11e8-b2b8-ac1f6b6435d0,0 13 22
5e5dd7fc-baca-11e8-b2b8-ac1f6b6435d0,3
5e5e5652-bac8-11e8-b2b8-ac1f6b6435d0,1 2 25
5e63573a-bad0-11e8-b2b8-ac1f6b6435d0,5
5e666eac-bacb-11e8-b2b8-ac1f6b6435d0,0 25
5e7173fc-baca-11e8-b2b8-ac1f6b6435d0,0 25
5e71ac98-bacd-11e8-b2b8-ac1f6b6435d0,0 19
5e7736e4-bad8-11e8-b2b9-ac1f6b6435d0,0 5
5e7bcd2c-bacd-11e8-b2b8-ac1f6b6435d0,0 25
5e80a528-bacc-11e8-b2b8-ac1f6b6435d0,0
5e8b0d4e-bad4-11e8-b2b8-ac1f6b6435d0,0 1
5e8ffd44-bac6-11e8-b2b7-ac1f6b6435d0,25
5e91111c-bac5-11e8-b2b7-ac1f6b6435d0,13
5e991fa4-bacc-11e8-b2b8-ac1f6b6435d0,0 1 2
5e9dc92e-bac6-11e8-b2b7-ac1f6b6435d0,14
5eacee62-bacc-11e8-b2b8-ac1f6b6435d0,0 21 22
5ead1ede-bacf-11e8-b2b8-ac1f6b6435d0,0 25
5eb1820c-bada-11e8-b2b9-ac1f6b6435d0,0 25
5eb8818e-baca-11e8-b2b8-ac1f6b6435d0,0 14
5ebcc9f0-bad5-11e8-b2b9-ac1f6b6435d0,21 25
5ec0680c-bad1-11e8-b2b8-ac1f6b6435d0,0 12
5ec13b28-bacd-11e8-b2b8-ac1f6b6435d0,0 19 25
5ec54ff0-bac9-11e8-b2b8-ac1f6b6435d0,0 25
5ec76d58-bace-11e8-b2b8-ac1f6b6435d0,2
5ec88aae-bacd-11e8-b2b8-ac1f6b6435d0,4
5ecb191c-bad3-11e8-b2b8-ac1f6b6435d0,22
5ed02d18-bacd-11e8-b2b8-ac1f6b6435d0,5
5ee0d8fa-bacf-11e8-b2b8-ac1f6b6435d0,0
5ef7896e-bacb-11e8-b2b8-ac1f6b6435d0,0 24 25
5ef78d66-baca-11e8-b2b8-ac1f6b6435d0,21 25
5efcad0a-baca-11e8-b2b8-ac1f6b6435d0,7 23
5f00ede6-bad6-11e8-b2b9-ac1f6b6435d0,0 23 25
5f042f4c-bad6-11e8-b2b9-ac1f6b6435d0,0 7 25
5f05db7c-bad0-11e8-b2b8-ac1f6b6435d0,0 2 21 25
5f06a878-bac5-11e8-b2b7-ac1f6b6435d0,0 16
5f0b2d2a-bada-11e8-b2b9-ac1f6b6435d0,0 7
5f0d9aa2-bad9-11e8-b2b9-ac1f6b6435d0,0
5f1aed30-bad7-11e8-b2b9-ac1f6b6435d0,14 17 21 25
5f2654b0-bada-11e8-b2b9-ac1f6b6435d0,23 25
5f35f5b0-bac5-11e8-b2b7-ac1f6b6435d0,25
5f365bee-bad5-11e8-b2b9-ac1f6b6435d0,11
5f3ac5f0-bac9-11e8-b2b8-ac1f6b6435d0,0 12
5f3c6058-bad9-11e8-b2b9-ac1f6b6435d0,0
5f45a45a-bac6-11e8-b2b7-ac1f6b6435d0,0 25
5f48879a-bad2-11e8-b2b8-ac1f6b6435d0,0 17 25
5f4c6372-bac5-11e8-b2b7-ac1f6b6435d0,0 25
5f4d5a50-bac7-11e8-b2b7-ac1f6b6435d0,24
5f55f5b8-baca-11e8-b2b8-ac1f6b6435d0,23 25
5f695b8c-bac8-11e8-b2b8-ac1f6b6435d0,3 4 25
5f700e74-bad6-11e8-b2b9-ac1f6b6435d0,0 21
5f7143a4-bad4-11e8-b2b8-ac1f6b6435d0,0 23 25
5f7c6546-bac9-11e8-b2b8-ac1f6b6435d0,6 25
5f7f2ff0-bac5-11e8-b2b7-ac1f6b6435d0,0 19 25
5f7fd2be-bac7-11e8-b2b7-ac1f6b6435d0,0 5
5f9ce87e-bad9-11e8-b2b9-ac1f6b6435d0,4
5f9ce960-bad8-11e8-b2b9-ac1f6b6435d0,0 25
5f9ed2c4-bacf-11e8-b2b8-ac1f6b6435d0,7
5f9ed3e0-bad0-11e8-b2b8-ac1f6b6435d0,25
5fa01fb6-bac6-11e8-b2b7-ac1f6b6435d0,23
5fa49be2-bad8-11e8-b2b9-ac1f6b6435d0,22
5fa5e366-bad9-11e8-b2b9-ac1f6b6435d0,0
5fae8f46-bad6-11e8-b2b9-ac1f6b6435d0,0 12
5faea2d6-bace-11e8-b2b8-ac1f6b6435d0,0 2
5faefde8-bacf-11e8-b2b8-ac1f6b6435d0,4 25
5fb00f38-bac7-11e8-b2b7-ac1f6b6435d0,0 2
5fb01ac4-bac6-11e8-b2b7-ac1f6b6435d0,0 25
5fb448f4-bac8-11e8-b2b8-ac1f6b6435d0,0 25
5fb5d05c-bacd-11e8-b2b8-ac1f6b6435d0,20
5fc4a82a-bacd-11e8-b2b8-ac1f6b6435d0,0 5
5fc82afc-baca-11e8-b2b8-ac1f6b6435d0,0 1
5fcee232-bac7-11e8-b2b7-ac1f6b6435d0,0 2 24
5fd5dd28-bacf-11e8-b2b8-ac1f6b6435d0,0
5fd8f826-bad1-11e8-b2b8-ac1f6b6435d0,0 2
5fde57e0-bac6-11e8-b2b7-ac1f6b6435d0,0 2
5feb0d02-bad3-11e8-b2b8-ac1f6b6435d0,0 21 22
5fedfcc6-bac7-11e8-b2b7-ac1f6b6435d0,0 18
5ff55b5e-bad3-11e8-b2b8-ac1f6b6435d0,0 23
5ff63cb6-bad0-11e8-b2b8-ac1f6b6435d0,0 2
5ff66762-bac7-11e8-b2b7-ac1f6b6435d0,0 21 25
5ffa77c6-bac7-11e8-b2b7-ac1f6b6435d0,0 2 19 25
5ffacc8e-bad2-11e8-b2b8-ac1f6b6435d0,18 19
60012438-bacf-11e8-b2b8-ac1f6b6435d0,5
60058f68-bad5-11e8-b2b9-ac1f6b6435d0,0 23
601e70dc-bad0-11e8-b2b8-ac1f6b6435d0,0 2 25
601f449a-bacf-11e8-b2b8-ac1f6b6435d0,21 25
60284952-bad7-11e8-b2b9-ac1f6b6435d0,5 23
603606e6-bad2-11e8-b2b8-ac1f6b6435d0,7
603a0fc4-bad8-11e8-b2b9-ac1f6b6435d0,0 25
6046acba-bac5-11e8-b2b7-ac1f6b6435d0,0 25
60490f92-bad3-11e8-b2b8-ac1f6b6435d0,7 23
604e203a-bad9-11e8-b2b9-ac1f6b6435d0,0 12 21 25
6053dd3c-bad3-11e8-b2b8-ac1f6b6435d0,0 2
6054d53c-bada-11e8-b2b9-ac1f6b6435d0,23
6058c220-bad8-11e8-b2b9-ac1f6b6435d0,0 5
605978c0-bad1-11e8-b2b8-ac1f6b6435d0,4 5 25
6064e3c4-bac5-11e8-b2b7-ac1f6b6435d0,0 23
6066caa0-bad8-11e8-b2b9-ac1f6b6435d0,18
607fee58-bad4-11e8-b2b8-ac1f6b6435d0,0
60807bd2-bac7-11e8-b2b7-ac1f6b6435d0,0 21 25
60843c18-bac7-11e8-b2b7-ac1f6b6435d0,2 23
608c155a-bacc-11e8-b2b8-ac1f6b6435d0,4
60913e7a-bace-11e8-b2b8-ac1f6b6435d0,0 4 25
60998e7a-bad5-11e8-b2b9-ac1f6b6435d0,0 4
609cc622-bac5-11e8-b2b7-ac1f6b6435d0,0 7
60a86144-bad4-11e8-b2b8-ac1f6b6435d0,0 25
60ae2450-bac8-11e8-b2b8-ac1f6b6435d0,0 26
60ae3fa2-bad3-11e8-b2b8-ac1f6b6435d0,0 25
60aec98e-bad5-11e8-b2b9-ac1f6b6435d0,0 25
60afe7c4-bada-11e8-b2b9-ac1f6b6435d0,13 25
60b0c844-bace-11e8-b2b8-ac1f6b6435d0,5
60b62846-bac6-11e8-b2b7-ac1f6b6435d0,21
60c55154-bacb-11e8-b2b8-ac1f6b6435d0,18 19
60d2dcb4-bad2-11e8-b2b8-ac1f6b6435d0,21 25
60d86964-bac7-11e8-b2b7-ac1f6b6435d0,14 25
60e9ff50-baca-11e8-b2b8-ac1f6b6435d0,2 25
60ea5658-bad4-11e8-b2b8-ac1f6b6435d0,0 12
60ef1a16-bada-11e8-b2b9-ac1f6b6435d0,0 25
60f053d2-baca-11e8-b2b8-ac1f6b6435d0,0 25
60f3fa16-bad2-11e8-b2b8-ac1f6b6435d0,0 7
60f6103c-bacb-11e8-b2b8-ac1f6b6435d0,4 25
60fe5506-bacd-11e8-b2b8-ac1f6b6435d0,0 14
6102912e-bad8-11e8-b2b9-ac1f6b6435d0,23
610cb6aa-bacd-11e8-b2b8-ac1f6b6435d0,0 25
6112b4d6-bad4-11e8-b2b8-ac1f6b6435d0,12 25
6117d6a4-bada-11e8-b2b9-ac1f6b6435d0,18
611d8f6a-bad8-11e8-b2b9-ac1f6b6435d0,0 2
61216342-bac9-11e8-b2b8-ac1f6b6435d0,0
6130637a-bad7-11e8-b2b9-ac1f6b6435d0,0 2 7
6133a758-bac6-11e8-b2b7-ac1f6b6435d0,5 14
6135a76e-bad1-11e8-b2b8-ac1f6b6435d0,0 2
6147c53c-bace-11e8-b2b8-ac1f6b6435d0,0 23
6149c836-bacf-11e8-b2b8-ac1f6b6435d0,13
614c2e38-bad8-11e8-b2b9-ac1f6b6435d0,0
614ebbc0-bad9-11e8-b2b9-ac1f6b6435d0,0 21 25
615727e2-bad9-11e8-b2b9-ac1f6b6435d0,17
6158ca2c-bacd-11e8-b2b8-ac1f6b6435d0,18 25
615bbdec-bad0-11e8-b2b8-ac1f6b6435d0,0 25
615d8f50-bada-11e8-b2b9-ac1f6b6435d0,0 2 25
615f51e6-bacb-11e8-b2b8-ac1f6b6435d0,0 4 21 25
616173f4-bac6-11e8-b2b7-ac1f6b6435d0,0 2 7
616459ba-bad1-11e8-b2b8-ac1f6b6435d0,5 23 25
6172b9ba-bad1-11e8-b2b8-ac1f6b6435d0,0 2
61898c0e-bada-11e8-b2b9-ac1f6b6435d0,0 14 25
6196ff4a-bac8-11e8-b2b8-ac1f6b6435d0,
61987f7a-bacb-11e8-b2b8-ac1f6b6435d0,23
61998e7c-bad2-11e8-b2b8-ac1f6b6435d0,5
619ab4e8-bacb-11e8-b2b8-ac1f6b6435d0,0 2
619ac3ac-bad5-11e8-b2b9-ac1f6b6435d0,14 23 25
61a0c376-bac9-11e8-b2b8-ac1f6b6435d0,0 13
61a0d5c6-bacb-11e8-b2b8-ac1f6b6435d0,0 4
61a5fa10-bacb-11e8-b2b8-ac1f6b6435d0,0 25
61a6b498-bad8-11e8-b2b9-ac1f6b6435d0,0 5
61aee676-bacf-11e8-b2b8-ac1f6b6435d0,0 23
61af6b78-bad4-11e8-b2b8-ac1f6b6435d0,13
61b79500-bacf-11e8-b2b8-ac1f6b6435d0,0 1
61bd2f88-bad9-11e8-b2b9-ac1f6b6435d0,0
61bdeb14-bad7-11e8-b2b9-ac1f6b6435d0,5 7
61c07612-bad3-11e8-b2b8-ac1f6b6435d0,0 21
61e0dc30-bad4-11e8-b2b8-ac1f6b6435d0,2 23
61e10c3c-bad4-11e8-b2b8-ac1f6b6435d0,5
61e2e87e-bad2-11e8-b2b8-ac1f6b6435d0,25 26
61e90e8c-bac5-11e8-b2b7-ac1f6b6435d0,13
61eb6b7e-bace-11e8-b2b8-ac1f6b6435d0,0 2 25
61f02b9a-bac5-11e8-b2b7-ac1f6b6435d0,6 19 25
61f8bb5c-bac5-11e8-b2b7-ac1f6b6435d0,0
61fe74d8-bada-11e8-b2b9-ac1f6b6435d0,4
62022064-bacc-11e8-b2b8-ac1f6b6435d0,0 23 25
62072998-bacb-11e8-b2b8-ac1f6b6435d0,0 25
620861de-bace-11e8-b2b8-ac1f6b6435d0,11 23 25
620f5a84-bad8-11e8-b2b9-ac1f6b6435d0,0 25
6217ee72-bad5-11e8-b2b9-ac1f6b6435d0,0 5 15
6223e72e-bad3-11e8-b2b8-ac1f6b6435d0,2
6227580e-bad4-11e8-b2b8-ac1f6b6435d0,0 2
622ca986-bad8-11e8-b2b9-ac1f6b6435d0,0 2 25
6234fad6-bacf-11e8-b2b8-ac1f6b6435d0,0 2
62353cd4-bad5-11e8-b2b9-ac1f6b6435d0,0 25
6235fcac-bac9-11e8-b2b8-ac1f6b6435d0,0 19
62385248-bad0-11e8-b2b8-ac1f6b6435d0,14
62464d80-bada-11e8-b2b9-ac1f6b6435d0,0 25
624a4f56-bad6-11e8-b2b9-ac1f6b6435d0,0 2 25
624eb76e-bacf-11e8-b2b8-ac1f6b6435d0,0 7
624fea78-bac8-11e8-b2b8-ac1f6b6435d0,0 12 21
62505d12-bac5-11e8-b2b7-ac1f6b6435d0,2 11 24
62549e30-bad0-11e8-b2b8-ac1f6b6435d0,0
625b4006-bac5-11e8-b2b7-ac1f6b6435d0,0 5 25
62629926-bad1-11e8-b2b8-ac1f6b6435d0,0 1
6262c7d2-bac9-11e8-b2b8-ac1f6b6435d0,0 5 25
6266623c-bad5-11e8-b2b9-ac1f6b6435d0,0
626ab8be-bada-11e8-b2b9-ac1f6b6435d0,2
6283e92c-bacd-11e8-b2b8-ac1f6b6435d0,0 5 25
628940ce-bad8-11e8-b2b9-ac1f6b6435d0,0 5
628b5100-bacb-11e8-b2b8-ac1f6b6435d0,0 23
628d6c5c-bad9-11e8-b2b9-ac1f6b6435d0,6 25
628d789c-bad8-11e8-b2b9-ac1f6b6435d0,0 25
629200c6-bac7-11e8-b2b7-ac1f6b6435d0,0 3 21 23 25
62927e70-bad1-11e8-b2b8-ac1f6b6435d0,11
629a1adc-bad0-11e8-b2b8-ac1f6b6435d0,0 1 25
629d174c-bac5-11e8-b2b7-ac1f6b6435d0,0 3
62a4e8f0-bad9-11e8-b2b9-ac1f6b6435d0,0 7
62b0e952-baca-11e8-b2b8-ac1f6b6435d0,0 2 25
62c0d4f8-bad8-11e8-b2b9-ac1f6b6435d0,0 2 25
62c97f5c-bad0-11e8-b2b8-ac1f6b6435d0,0 23
62cb5a20-bad0-11e8-b2b8-ac1f6b6435d0,0 7 25
62cf026e-bad6-11e8-b2b9-ac1f6b6435d0,0 25
62d6ffe8-bacf-11e8-b2b8-ac1f6b6435d0,0 25
62d8f20a-bac8-11e8-b2b8-ac1f6b6435d0,4
62db6d90-bad8-11e8-b2b9-ac1f6b6435d0,0 25
62db8c74-bac6-11e8-b2b7-ac1f6b6435d0,23
62de458e-bad7-11e8-b2b9-ac1f6b6435d0,22
62e1a83e-bacb-11e8-b2b8-ac1f6b6435d0,0 25
62e2c998-bad1-11e8-b2b8-ac1f6b6435d0,21
62ecca26-bac5-11e8-b2b7-ac1f6b6435d0,0 5
62eed1f2-bacc-11e8-b2b8-ac1f6b6435d0,0 3 5
62f0c46e-bacf-11e8-b2b8-ac1f6b6435d0,0 22 25
62f94c18-bac7-11e8-b2b7-ac1f6b6435d0,8 20
6300652e-bad2-11e8-b2b8-ac1f6b6435d0,0
6300bb26-bacf-11e8-b2b8-ac1f6b6435d0,0 7 25
6303eeee-bacb-11e8-b2b8-ac1f6b6435d0,0 2
630a88c8-bace-11e8-b2b8-ac1f6b6435d0,0 1 25
630f4420-bad9-11e8-b2b9-ac1f6b6435d0,0 2
6310ceba-bad6-11e8-b2b9-ac1f6b6435d0,0 7
6318f002-bac9-11e8-b2b8-ac1f6b6435d0,0 25
631d36f2-bacf-11e8-b2b8-ac1f6b6435d0,0 7 25
6328f778-bac8-11e8-b2b8-ac1f6b6435d0,23 25
632a5bd8-bada-11e8-b2b9-ac1f6b6435d0,0 25
632eccca-bad2-11e8-b2b8-ac1f6b6435d0,0 21 22
632fbce6-bad4-11e8-b2b8-ac1f6b6435d0,6 23 25
63341cc2-bacb-11e8-b2b8-ac1f6b6435d0,0 4 25
63371bd2-bad2-11e8-b2b8-ac1f6b6435d0,25
633bf8e4-bad9-11e8-b2b9-ac1f6b6435d0,25
633dce32-bad7-11e8-b2b9-ac1f6b6435d0,23
633def90-bad5-11e8-b2b9-ac1f6b6435d0,0 5 25
6343d6d6-bacf-11e8-b2b8-ac1f6b6435d0,0 25
63453fea-bac9-11e8-b2b8-ac1f6b6435d0,4
634814ce-bacc-11e8-b2b8-ac1f6b6435d0,0
634f7330-bad7-11e8-b2b9-ac1f6b6435d0,0 7 25
634fabe6-baca-11e8-b2b8-ac1f6b6435d0,7 23
63532aa0-baca-11e8-b2b8-ac1f6b6435d0,0 25
635949d8-bad1-11e8-b2b8-ac1f6b6435d0,7
635f3b78-bac6-11e8-b2b7-ac1f6b6435d0,0 7 21 25
6363525e-bad9-11e8-b2b9-ac1f6b6435d0,25
636c1938-bada-11e8-b2b9-ac1f6b6435d0,3
6374a392-baca-11e8-b2b8-ac1f6b6435d0,0
637a8ab8-bad0-11e8-b2b8-ac1f6b6435d0,0 25
637aab5c-bad4-11e8-b2b8-ac1f6b6435d0,0 21
637adbb0-bad7-11e8-b2b9-ac1f6b6435d0,18 19
6385f896-bac9-11e8-b2b8-ac1f6b6435d0,0 5
63a3a1b6-bac9-11e8-b2b8-ac1f6b6435d0,7 18
63ad530a-bad8-11e8-b2b9-ac1f6b6435d0,0 21
63b3dc76-bad2-11e8-b2b8-ac1f6b6435d0,0 25
63b86526-bac7-11e8-b2b7-ac1f6b6435d0,2
63c06148-bac9-11e8-b2b8-ac1f6b6435d0,19 23
63c31f86-bacf-11e8-b2b8-ac1f6b6435d0,19
63c34d8a-bac5-11e8-b2b7-ac1f6b6435d0,0 14 16
63d7315e-bad6-11e8-b2b9-ac1f6b6435d0,0 5 23 25
63d7694e-bad1-11e8-b2b8-ac1f6b6435d0,0 18 19 25
63d95450-bad3-11e8-b2b8-ac1f6b6435d0,0 21
63d99998-bacd-11e8-b2b8-ac1f6b6435d0,21 22
63dbcce8-bad9-11e8-b2b9-ac1f6b6435d0,0 24 25
63ddcdb0-bacd-11e8-b2b8-ac1f6b6435d0,18 24 25
63de3c4e-baca-11e8-b2b8-ac1f6b6435d0,17 21 25
63e0de5c-bad6-11e8-b2b9-ac1f6b6435d0,0 25
63e12cac-bad8-11e8-b2b9-ac1f6b6435d0,0 25
63e2c020-baca-11e8-b2b8-ac1f6b6435d0,0 21 25
63ed01a4-bad7-11e8-b2b9-ac1f6b6435d0,14
63eed5ce-bac8-11e8-b2b8-ac1f6b6435d0,0 22
63f1a372-bad6-11e8-b2b9-ac1f6b6435d0,11
63f2b020-baca-11e8-b2b8-ac1f6b6435d0,0 21
63f43f5e-bac9-11e8-b2b8-ac1f6b6435d0,6 23
63f46fde-bac8-11e8-b2b8-ac1f6b6435d0,0
63f78664-bac9-11e8-b2b8-ac1f6b6435d0,0 25
63fa653a-bac6-11e8-b2b7-ac1f6b6435d0,7 25
63fe258c-bad3-11e8-b2b8-ac1f6b6435d0,0 14 17 21 25
640a643c-bace-11e8-b2b8-ac1f6b6435d0,0 17 25
6414c3c6-bad0-11e8-b2b8-ac1f6b6435d0,4 25
641539ce-baca-11e8-b2b8-ac1f6b6435d0,0 25
642b6eea-bac7-11e8-b2b7-ac1f6b6435d0,0
642c6f0e-bac5-11e8-b2b7-ac1f6b6435d0,0 25
642e4304-bac7-11e8-b2b7-ac1f6b6435d0,14
6430d864-bad9-11e8-b2b9-ac1f6b6435d0,9 10
64345578-bacc-11e8-b2b8-ac1f6b6435d0,0 25
643ac648-bad5-11e8-b2b9-ac1f6b6435d0,0 17 25
643d0324-bad3-11e8-b2b8-ac1f6b6435d0,0 19 21
643d96a2-bad5-11e8-b2b9-ac1f6b6435d0,0 4
64425ca0-bada-11e8-b2b9-ac1f6b6435d0,2 21
6457a782-bacf-11e8-b2b8-ac1f6b6435d0,0 23 25
645880ac-bad0-11e8-b2b8-ac1f6b6435d0,0 21
645a787e-bac8-11e8-b2b8-ac1f6b6435d0,0 2
645dbdbe-bad6-11e8-b2b9-ac1f6b6435d0,0 25
645ecb5c-bac5-11e8-b2b7-ac1f6b6435d0,11
64602dae-bace-11e8-b2b8-ac1f6b6435d0,0
646369be-bac5-11e8-b2b7-ac1f6b6435d0,0 25
6464ba48-bad5-11e8-b2b9-ac1f6b6435d0,11
646c76ae-bad3-11e8-b2b8-ac1f6b6435d0,26
646fc9ca-bac5-11e8-b2b7-ac1f6b6435d0,0 25
647ef88a-bad6-11e8-b2b9-ac1f6b6435d0,2 14
64872ec6-baca-11e8-b2b8-ac1f6b6435d0,0 25
648e7f86-bad0-11e8-b2b8-ac1f6b6435d0,7 25
64907586-bace-11e8-b2b8-ac1f6b6435d0,0 25
649385f8-bad0-11e8-b2b8-ac1f6b6435d0,0 2 3 25
64ab040c-bac7-11e8-b2b7-ac1f6b6435d0,23
64ac264c-bad2-11e8-b2b8-ac1f6b6435d0,0 18 19 25
64af0f76-bad0-11e8-b2b8-ac1f6b6435d0,0 25
64af28f0-bad8-11e8-b2b9-ac1f6b6435d0,0 25
64b010c0-baca-11e8-b2b8-ac1f6b6435d0,0 25
64b67db4-bacc-11e8-b2b8-ac1f6b6435d0,0
64ba69b4-bac8-11e8-b2b8-ac1f6b6435d0,0 11 25
64c263a0-bad0-11e8-b2b8-ac1f6b6435d0,7
64cb67cc-bad3-11e8-b2b8-ac1f6b6435d0,0 2
64cbb96c-bad2-11e8-b2b8-ac1f6b6435d0,7
64ce23b0-bad1-11e8-b2b8-ac1f6b6435d0,0 25
64ced4a2-bace-11e8-b2b8-ac1f6b6435d0,0 19
64d78c8e-bad6-11e8-b2b9-ac1f6b6435d0,21 25
64da9e36-bace-11e8-b2b8-ac1f6b6435d0,7
64de0dd2-bac9-11e8-b2b8-ac1f6b6435d0,0 25
64f6d532-bacf-11e8-b2b8-ac1f6b6435d0,0 2
64fedf46-bac7-11e8-b2b7-ac1f6b6435d0,0 2 24
64ffbe78-bad3-11e8-b2b8-ac1f6b6435d0,0 2
65050086-bace-11e8-b2b8-ac1f6b6435d0,2 25
650f781c-bad4-11e8-b2b8-ac1f6b6435d0,23
6510d8dc-bacb-11e8-b2b8-ac1f6b6435d0,5 26
6513fc72-bad7-11e8-b2b9-ac1f6b6435d0,0 21
651af3c0-bacc-11e8-b2b8-ac1f6b6435d0,0 1 25
65216b84-bac6-11e8-b2b7-ac1f6b6435d0,0 2
6525449a-bace-11e8-b2b8-ac1f6b6435d0,0 2 25
652a8c5e-bad1-11e8-b2b8-ac1f6b6435d0,0 25 26
652d376a-bad1-11e8-b2b8-ac1f6b6435d0,21
652fc03e-bac7-11e8-b2b7-ac1f6b6435d0,0
653b9098-bacd-11e8-b2b8-ac1f6b6435d0,2 14 25
65424020-bac6-11e8-b2b7-ac1f6b6435d0,0 21 25
6543360a-bacc-11e8-b2b8-ac1f6b6435d0,4
65465948-bad6-11e8-b2b9-ac1f6b6435d0,0 7 11 25
654790e6-bac8-11e8-b2b8-ac1f6b6435d0,0 4
654881cc-bad2-11e8-b2b8-ac1f6b6435d0,0 5 18 19 25
654a0d96-bac6-11e8-b2b7-ac1f6b6435d0,21 25
6553d938-bacc-11e8-b2b8-ac1f6b6435d0,0 25
655ac546-bada-11e8-b2b9-ac1f6b6435d0,0 18 19
6563a582-bad3-11e8-b2b8-ac1f6b6435d0,0 25
6567f83c-bad6-11e8-b2b9-ac1f6b6435d0,4
65764cc0-bad1-11e8-b2b8-ac1f6b6435d0,25
657b62f6-bacb-11e8-b2b8-ac1f6b6435d0,0 18
658ae09a-bad6-11e8-b2b9-ac1f6b6435d0,7 25
658c1d24-bad7-11e8-b2b9-ac1f6b6435d0,4 25
658e797a-bacd-11e8-b2b8-ac1f6b6435d0,0
658efc06-bacd-11e8-b2b8-ac1f6b6435d0,7 22
658f5e4c-baca-11e8-b2b8-ac1f6b6435d0,2 19
65978040-bad4-11e8-b2b8-ac1f6b6435d0,0
65a69196-bac7-11e8-b2b7-ac1f6b6435d0,0
65a86b98-bac6-11e8-b2b7-ac1f6b6435d0,0
65b20dc4-bada-11e8-b2b9-ac1f6b6435d0,21
65b33152-bacd-11e8-b2b8-ac1f6b6435d0,0
65b64826-bacb-11e8-b2b8-ac1f6b6435d0,0
65bd5f06-bac8-11e8-b2b8-ac1f6b6435d0,21 25
65bdee1c-bad2-11e8-b2b8-ac1f6b6435d0,0 21 25
65bf8700-bacc-11e8-b2b8-ac1f6b6435d0,21 23
65caaca8-bad0-11e8-b2b8-ac1f6b6435d0,3
65d14f3a-bad6-11e8-b2b9-ac1f6b6435d0,0 25
65d46412-bad2-11e8-b2b8-ac1f6b6435d0,23
65d7a61a-bad0-11e8-b2b8-ac1f6b6435d0,0 11
65da048a-bad7-11e8-b2b9-ac1f6b6435d0,0 11
65e6efda-bad0-11e8-b2b8-ac1f6b6435d0,19 25
65e81f14-bad9-11e8-b2b9-ac1f6b6435d0,19
65ed42ba-bad3-11e8-b2b8-ac1f6b6435d0,21 22
65fba42a-bacb-11e8-b2b8-ac1f6b6435d0,0 2
65fe199e-bac6-11e8-b2b7-ac1f6b6435d0,4
65fe9d4e-bad3-11e8-b2b8-ac1f6b6435d0,0 14
66006bd0-bad6-11e8-b2b9-ac1f6b6435d0,7
66072d5e-bad5-11e8-b2b9-ac1f6b6435d0,0 21 25
660a1e12-bac9-11e8-b2b8-ac1f6b6435d0,23 25
660e79d6-bad2-11e8-b2b8-ac1f6b6435d0,0
66159954-bad3-11e8-b2b8-ac1f6b6435d0,0 17 21
661bf93a-bad2-11e8-b2b8-ac1f6b6435d0,4 26
661c9b56-bad7-11e8-b2b9-ac1f6b6435d0,11
661edcda-bad8-11e8-b2b9-ac1f6b6435d0,0 19
66214a02-bad7-11e8-b2b9-ac1f6b6435d0,0 21 25
66233ae0-bad4-11e8-b2b8-ac1f6b6435d0,2 25
662f21ce-bac6-11e8-b2b7-ac1f6b6435d0,0 21 25
66339baa-bac6-11e8-b2b7-ac1f6b6435d0,0 21
6643a1da-bad5-11e8-b2b9-ac1f6b6435d0,7
6650bd78-bad2-11e8-b2b8-ac1f6b6435d0,21 22
6653a5cc-bad9-11e8-b2b9-ac1f6b6435d0,0 8 25
6654c4de-bad4-11e8-b2b8-ac1f6b6435d0,14 17 25
665985a6-bad8-11e8-b2b9-ac1f6b6435d0,7 26
665e7bd4-bad2-11e8-b2b8-ac1f6b6435d0,0 18
665ea44c-bac8-11e8-b2b8-ac1f6b6435d0,0
66605e58-bace-11e8-b2b8-ac1f6b6435d0,0 25
66606722-bace-11e8-b2b8-ac1f6b6435d0,0 3
66666da0-bac6-11e8-b2b7-ac1f6b6435d0,0 21 25
66698ba8-bad9-11e8-b2b9-ac1f6b6435d0,0
6674a9a2-bacf-11e8-b2b8-ac1f6b6435d0,0 26
667d2c2a-bac6-11e8-b2b7-ac1f6b6435d0,0 5 16
667f1bf8-bad4-11e8-b2b8-ac1f6b6435d0,0 23 25
6687a79a-bad5-11e8-b2b9-ac1f6b6435d0,12
668c4c8a-bac8-11e8-b2b8-ac1f6b6435d0,4 25
668f42b2-bac5-11e8-b2b7-ac1f6b6435d0,0 21 25
66b272d8-bac9-11e8-b2b8-ac1f6b6435d0,0 7
66b300fa-bac8-11e8-b2b8-ac1f6b6435d0,4 25
66b387c8-bad7-11e8-b2b9-ac1f6b6435d0,0 14
66b4d4c6-bad1-11e8-b2b8-ac1f6b6435d0,23
66c4464e-bacd-11e8-b2b8-ac1f6b6435d0,0 20 25 26
66ccca06-bac5-11e8-b2b7-ac1f6b6435d0,0 11
66d1f8cc-bacb-11e8-b2b8-ac1f6b6435d0,18 25
66d25a50-bac7-11e8-b2b7-ac1f6b6435d0,0 2
66d4745c-bacc-11e8-b2b8-ac1f6b6435d0,4
66d6e368-bad6-11e8-b2b9-ac1f6b6435d0,25
66e1c206-bad1-11e8-b2b8-ac1f6b6435d0,0 25
66e2c800-bacb-11e8-b2b8-ac1f6b6435d0,0 12
66e99f96-bad4-11e8-b2b8-ac1f6b6435d0,0 25
66f5aeee-bad9-11e8-b2b9-ac1f6b6435d0,0
6707b164-bad6-11e8-b2b9-ac1f6b6435d0,0 2 25
6709c7c4-bad1-11e8-b2b8-ac1f6b6435d0,12 13 25
670ec696-bac9-11e8-b2b8-ac1f6b6435d0,19 26
6713974c-bac5-11e8-b2b7-ac1f6b6435d0,21 25
6713b8f4-bad3-11e8-b2b8-ac1f6b6435d0,0 21 25
67145d7a-bada-11e8-b2b9-ac1f6b6435d0,1
67186320-bad0-11e8-b2b8-ac1f6b6435d0,0 12
67187bac-bad1-11e8-b2b8-ac1f6b6435d0,23
6719df00-bad2-11e8-b2b8-ac1f6b6435d0,7
671c875c-bacb-11e8-b2b8-ac1f6b6435d0,25
672b3104-bacf-11e8-b2b8-ac1f6b6435d0,0 4
672cffa4-bad7-11e8-b2b9-ac1f6b6435d0,0 21 25
672fe442-bad9-11e8-b2b9-ac1f6b6435d0,0 2 25
6733cc40-bacc-11e8-b2b8-ac1f6b6435d0,0 2 7
6742fb2e-bac8-11e8-b2b8-ac1f6b6435d0,0 2
67437820-bac7-11e8-b2b7-ac1f6b6435d0,0 17 25
674b27ce-bac6-11e8-b2b7-ac1f6b6435d0,0 1 2
674b8992-bac8-11e8-b2b8-ac1f6b6435d0,0 2 25
674faee4-bad4-11e8-b2b8-ac1f6b6435d0,1
67508dc6-bad6-11e8-b2b9-ac1f6b6435d0,0 21
67527d86-bad9-11e8-b2b9-ac1f6b6435d0,0 2
6752f28a-bace-11e8-b2b8-ac1f6b6435d0,1 23
67565f6c-bad1-11e8-b2b8-ac1f6b6435d0,22 25
675aea42-bac6-11e8-b2b7-ac1f6b6435d0,21
675cec8c-bad7-11e8-b2b9-ac1f6b6435d0,0 2 7
675d4f84-bad6-11e8-b2b9-ac1f6b6435d0,2 3 25
67673e5c-bac9-11e8-b2b8-ac1f6b6435d0,0 25
676c6894-bad5-11e8-b2b9-ac1f6b6435d0,0 18 25
676e29ae-bad0-11e8-b2b8-ac1f6b6435d0,0 25
6776baaa-bad6-11e8-b2b9-ac1f6b6435d0,0 25
677b11a6-bad9-11e8-b2b9-ac1f6b6435d0,0 25
67868224-bad0-11e8-b2b8-ac1f6b6435d0,7
6789b36c-bacc-11e8-b2b8-ac1f6b6435d0,0 12
678beb2c-bad2-11e8-b2b8-ac1f6b6435d0,0 5
678e864e-bad1-11e8-b2b8-ac1f6b6435d0,0 25
67a998e6-bad4-11e8-b2b8-ac1f6b6435d0,0 23
67ab3e08-baca-11e8-b2b8-ac1f6b6435d0,0 11
67b1b9bc-bac6-11e8-b2b7-ac1f6b6435d0,0 5 25
67bd0cb6-bac8-11e8-b2b8-ac1f6b6435d0,1 21
67c1f070-bacb-11e8-b2b8-ac1f6b6435d0,13 21
67cf77b2-bacc-11e8-b2b8-ac1f6b6435d0,0 21
67e1350e-bac9-11e8-b2b8-ac1f6b6435d0,0 2 23 25
67e17f30-bad5-11e8-b2b9-ac1f6b6435d0,14
67e27d1e-bad9-11e8-b2b9-ac1f6b6435d0,2 7
67e2eeb2-bad8-11e8-b2b9-ac1f6b6435d0,23
67e944a0-bad4-11e8-b2b8-ac1f6b6435d0,11
67ed3058-bacd-11e8-b2b8-ac1f6b6435d0,4 23 25
67f6a72c-bad8-11e8-b2b9-ac1f6b6435d0,14
67f9cdf4-bad7-11e8-b2b9-ac1f6b6435d0,23
67fb31ba-bad4-11e8-b2b8-ac1f6b6435d0,6 25
67fdd128-bad8-11e8-b2b9-ac1f6b6435d0,0 25
68021224-bac9-11e8-b2b8-ac1f6b6435d0,2 23
680c456c-bada-11e8-b2b9-ac1f6b6435d0,2 21 23
680d0bba-bad9-11e8-b2b9-ac1f6b6435d0,0 2 12 25
680d0e50-bacd-11e8-b2b8-ac1f6b6435d0,25
68136570-bacd-11e8-b2b8-ac1f6b6435d0,0 12
6816d5b4-bac5-11e8-b2b7-ac1f6b6435d0,0 1
681d3f40-bad8-11e8-b2b9-ac1f6b6435d0,25
682c1fae-bad5-11e8-b2b9-ac1f6b6435d0,0 21
682cb838-bacb-11e8-b2b8-ac1f6b6435d0,0 5 11 25
6831cede-bacd-11e8-b2b8-ac1f6b6435d0,0
6838de42-bac6-11e8-b2b7-ac1f6b6435d0,23 25
683c850c-bad9-11e8-b2b9-ac1f6b6435d0,0 5
68477f9e-bace-11e8-b2b8-ac1f6b6435d0,21
685ae1c4-bad3-11e8-b2b8-ac1f6b6435d0,21 25
685e18b8-bad2-11e8-b2b8-ac1f6b6435d0,0 7 25
685f9c94-bac6-11e8-b2b7-ac1f6b6435d0,0 1 25
68643e2a-bacb-11e8-b2b8-ac1f6b6435d0,0 4
6875dda8-bace-11e8-b2b8-ac1f6b6435d0,0 7 21
688ef562-bacf-11e8-b2b8-ac1f6b6435d0,0 12 25
68944028-bad2-11e8-b2b8-ac1f6b6435d0,0 6 11
6894974e-bacd-11e8-b2b8-ac1f6b6435d0,24
689665ee-bac6-11e8-b2b7-ac1f6b6435d0,0 3
68990592-bad0-11e8-b2b8-ac1f6b6435d0,0 23
68a5a6b8-bacf-11e8-b2b8-ac1f6b6435d0,2
68a8daba-bac8-11e8-b2b8-ac1f6b6435d0,0 19 25
68addd42-bacf-11e8-b2b8-ac1f6b6435d0,4 25
68b19f22-baca-11e8-b2b8-ac1f6b6435d0,0 5 25
68b911b8-bad8-11e8-b2b9-ac1f6b6435d0,0
68c4ef8e-bacd-11e8-b2b8-ac1f6b6435d0,0 7
68c802f0-bad7-11e8-b2b9-ac1f6b6435d0,0 5 14
68c846b6-bacd-11e8-b2b8-ac1f6b6435d0,0 25
68cf61cc-bac7-11e8-b2b7-ac1f6b6435d0,0
68d7a242-bad6-11e8-b2b9-ac1f6b6435d0,5
68d96402-bada-11e8-b2b9-ac1f6b6435d0,0
68dc4f46-bad5-11e8-b2b9-ac1f6b6435d0,0 7
68df4c62-bad7-11e8-b2b9-ac1f6b6435d0,19
68e2f278-bad6-11e8-b2b9-ac1f6b6435d0,0 11
68e40100-bad5-11e8-b2b9-ac1f6b6435d0,0 25
68e6df00-bacc-11e8-b2b8-ac1f6b6435d0,2 4 25
68ea68da-bad8-11e8-b2b9-ac1f6b6435d0,6
68ebbcec-bad0-11e8-b2b8-ac1f6b6435d0,0 3
68f2685c-bacc-11e8-b2b8-ac1f6b6435d0,0 1
69041f8e-bac7-11e8-b2b7-ac1f6b6435d0,0 17 18 25
6906b80a-bace-11e8-b2b8-ac1f6b6435d0,0 14 25
690f935e-bac8-11e8-b2b8-ac1f6b6435d0,0 21 25
6911231e-bad1-11e8-b2b8-ac1f6b6435d0,0 25
691359be-bada-11e8-b2b9-ac1f6b6435d0,0 7 26
69144372-bacd-11e8-b2b8-ac1f6b6435d0,0
6918300c-bac5-11e8-b2b7-ac1f6b6435d0,0 25
6918524e-bad4-11e8-b2b8-ac1f6b6435d0,0 25
691979ce-bad6-11e8-b2b9-ac1f6b6435d0,0 2 21 25
691a420c-baca-11e8-b2b8-ac1f6b6435d0,21 23
691a61ac-bad8-11e8-b2b9-ac1f6b6435d0,0 2
6925ac74-bad3-11e8-b2b8-ac1f6b6435d0,0 23 25
692c31c4-bad4-11e8-b2b8-ac1f6b6435d0,0 12 21
692f68de-bac6-11e8-b2b7-ac1f6b6435d0,11
6935156c-bac7-11e8-b2b7-ac1f6b6435d0,24
694a2d74-bad8-11e8-b2b9-ac1f6b6435d0,21
694b7840-baca-11e8-b2b8-ac1f6b6435d0,17 25
6955d2dc-bac9-11e8-b2b8-ac1f6b6435d0,0 25
6955e3e8-baca-11e8-b2b8-ac1f6b6435d0,11 24
6956e82e-bad4-11e8-b2b8-ac1f6b6435d0,2
695f80aa-bada-11e8-b2b9-ac1f6b6435d0,0 19 25
6960cdf0-bacd-11e8-b2b8-ac1f6b6435d0,1 21
696637e8-bac5-11e8-b2b7-ac1f6b6435d0,0 26
696739d8-bad7-11e8-b2b9-ac1f6b6435d0,12
696ac228-bac9-11e8-b2b8-ac1f6b6435d0,25
696e8f6a-baca-11e8-b2b8-ac1f6b6435d0,0 4
696fc27e-bad2-11e8-b2b8-ac1f6b6435d0,0 25
69730236-bac8-11e8-b2b8-ac1f6b6435d0,0 7
69842006-bace-11e8-b2b8-ac1f6b6435d0,18 25
69860560-bad3-11e8-b2b8-ac1f6b6435d0,0
698adc78-bad0-11e8-b2b8-ac1f6b6435d0,23
699366ba-bad3-11e8-b2b8-ac1f6b6435d0,4
6995ad96-bacc-11e8-b2b8-ac1f6b6435d0,0 21 25
69968340-bac9-11e8-b2b8-ac1f6b6435d0,2 23
69974d28-bacb-11e8-b2b8-ac1f6b6435d0,25
699abf58-bada-11e8-b2b9-ac1f6b6435d0,25
699e6d3e-bac5-11e8-b2b7-ac1f6b6435d0,0 25
69a3aec8-bad1-11e8-b2b8-ac1f6b6435d0,4
69a63558-bacc-11e8-b2b8-ac1f6b6435d0,0 11 25
69a70fca-bad4-11e8-b2b8-ac1f6b6435d0,23 25
69a73bf4-bac9-11e8-b2b8-ac1f6b6435d0,0 7 25
69a9e738-bad7-11e8-b2b9-ac1f6b6435d0,0 2 4
69af45b8-bac6-11e8-b2b7-ac1f6b6435d0,0 7 21
69c32eae-bad3-11e8-b2b8-ac1f6b6435d0,0 21
69c34436-bad1-11e8-b2b8-ac1f6b6435d0,21
69cbf89a-bace-11e8-b2b8-ac1f6b6435d0,0 14 25
69cd311e-baca-11e8-b2b8-ac1f6b6435d0,19
69da7666-bacb-11e8-b2b8-ac1f6b6435d0,0 5 25
69db841c-bac5-11e8-b2b7-ac1f6b6435d0,0 7 25
69df4316-bacc-11e8-b2b8-ac1f6b6435d0,0 22
69e455ce-bacf-11e8-b2b8-ac1f6b6435d0,0 7 23 25
69e5ed16-bada-11e8-b2b9-ac1f6b6435d0,19 25
69ebb266-bac9-11e8-b2b8-ac1f6b6435d0,0 25
6a082d0e-bacb-11e8-b2b8-ac1f6b6435d0,21 22
6a10d562-bada-11e8-b2b9-ac1f6b6435d0,4 19
6a1a1436-bac8-11e8-b2b8-ac1f6b6435d0,0 25
6a2102e8-bacb-11e8-b2b8-ac1f6b6435d0,0 3 25
6a2c20be-bad6-11e8-b2b9-ac1f6b6435d0,0 11 25
6a2fbd8a-bac9-11e8-b2b8-ac1f6b6435d0,3
6a300330-bad3-11e8-b2b8-ac1f6b6435d0,0 25
6a30c9d6-bacf-11e8-b2b8-ac1f6b6435d0,0 2 21
6a31bdae-bad5-11e8-b2b9-ac1f6b6435d0,0 14
6a322caa-bad3-11e8-b2b8-ac1f6b6435d0,4 5
6a329a4c-bad2-11e8-b2b8-ac1f6b6435d0,0 4
6a352aee-baca-11e8-b2b8-ac1f6b6435d0,2 25
6a37cd0c-bacb-11e8-b2b8-ac1f6b6435d0,0 21 25
6a3a15e2-bacd-11e8-b2b8-ac1f6b6435d0,0 21 25
6a3cdfd0-bacc-11e8-b2b8-ac1f6b6435d0,0 2 25
6a45bcac-bace-11e8-b2b8-ac1f6b6435d0,0 5 7
6a46ac94-bad7-11e8-b2b9-ac1f6b6435d0,0 1 25
6a52fae6-bac6-11e8-b2b7-ac1f6b6435d0,0 2 23
6a63e630-bad5-11e8-b2b9-ac1f6b6435d0,0 2 25
6a6fee1c-bacb-11e8-b2b8-ac1f6b6435d0,0 21 25
6a7af87c-bace-11e8-b2b8-ac1f6b6435d0,0 21
6a80f35a-bacc-11e8-b2b8-ac1f6b6435d0,0 4
6a80fdc4-bada-11e8-b2b9-ac1f6b6435d0,5
6a820100-bac7-11e8-b2b7-ac1f6b6435d0,0 25
6a852444-bad5-11e8-b2b9-ac1f6b6435d0,14 25
6a8e6b7c-bacf-11e8-b2b8-ac1f6b6435d0,5 25
6a8f244e-bada-11e8-b2b9-ac1f6b6435d0,0 2 25
6a97bdb0-bac7-11e8-b2b7-ac1f6b6435d0,0
6aa64ed4-bacc-11e8-b2b8-ac1f6b6435d0,0 25
6aaa2296-bac9-11e8-b2b8-ac1f6b6435d0,0 26
6aab5130-bac8-11e8-b2b8-ac1f6b6435d0,3
6ab2b850-bac6-11e8-b2b7-ac1f6b6435d0,0 14 16
6ad29b4a-bace-11e8-b2b8-ac1f6b6435d0,0 25 26
6ad5ab24-bac8-11e8-b2b8-ac1f6b6435d0,6 18 19 25
6ae04204-bac9-11e8-b2b8-ac1f6b6435d0,0
6ae70ab4-bac7-11e8-b2b7-ac1f6b6435d0,2 23
6ae8dfa4-bace-11e8-b2b8-ac1f6b6435d0,0 2 23
6af995c0-bacd-11e8-b2b8-ac1f6b6435d0,2 25
6afe1186-bac8-11e8-b2b8-ac1f6b6435d0,0 21
6affdd16-bad4-11e8-b2b8-ac1f6b6435d0,0 2
6b02aed2-bacb-11e8-b2b8-ac1f6b6435d0,0 23 25
6b11dcd2-bac5-11e8-b2b7-ac1f6b6435d0,0 14 16 17
6b123410-bada-11e8-b2b9-ac1f6b6435d0,0 21
6b174730-bad4-11e8-b2b8-ac1f6b6435d0,0 25
6b1a2662-bac5-11e8-b2b7-ac1f6b6435d0,0 1
6b1a9296-bad4-11e8-b2b8-ac1f6b6435d0,6 25
6b23c01a-bad3-11e8-b2b8-ac1f6b6435d0,2
6b27f5c0-bad0-11e8-b2b8-ac1f6b6435d0,25
6b295894-bad4-11e8-b2b8-ac1f6b6435d0,0 2 21 25
6b36cd5a-bad7-11e8-b2b9-ac1f6b6435d0,12 25
6b3a26da-bad7-11e8-b2b9-ac1f6b6435d0,0 21 25
6b3af580-bac6-11e8-b2b7-ac1f6b6435d0,4
6b3c85ae-bacf-11e8-b2b8-ac1f6b6435d0,0 5 19
6b416ef6-bada-11e8-b2b9-ac1f6b6435d0,0 2
6b4185e0-baca-11e8-b2b8-ac1f6b6435d0,0 7 23
6b458b6e-bad8-11e8-b2b9-ac1f6b6435d0,21 25
6b515d62-bad9-11e8-b2b9-ac1f6b6435d0,2
6b602f36-bad9-11e8-b2b9-ac1f6b6435d0,2 25
6b6a6520-bacd-11e8-b2b8-ac1f6b6435d0,0 7 25
6b6afc60-bad2-11e8-b2b8-ac1f6b6435d0,0 19
6b6dfc78-bac6-11e8-b2b7-ac1f6b6435d0,0 25
6b6eaefc-bad5-11e8-b2b9-ac1f6b6435d0,2
6b72312c-bacf-11e8-b2b8-ac1f6b6435d0,0 7 25
6b746836-bac8-11e8-b2b8-ac1f6b6435d0,3 20 25
6b74e00a-bad1-11e8-b2b8-ac1f6b6435d0,0 23
6b772fd6-bad1-11e8-b2b8-ac1f6b6435d0,0
6b7d4320-bac8-11e8-b2b8-ac1f6b6435d0,0 5 21 25
6b81645a-bad7-11e8-b2b9-ac1f6b6435d0,23
6b8499b0-bad0-11e8-b2b8-ac1f6b6435d0,3
6b872352-bad4-11e8-b2b8-ac1f6b6435d0,0 25
6b893b5c-bace-11e8-b2b8-ac1f6b6435d0,0 18 25
6b9060e8-bad4-11e8-b2b8-ac1f6b6435d0,21
6b95e602-bad5-11e8-b2b9-ac1f6b6435d0,0 7
6ba0f714-baca-11e8-b2b8-ac1f6b6435d0,25
6ba1a018-bad1-11e8-b2b8-ac1f6b6435d0,6
6bac644c-bad3-11e8-b2b8-ac1f6b6435d0,0 1 19 25
6bacd9d8-bac7-11e8-b2b7-ac1f6b6435d0,3 25
6bb2e170-bac7-11e8-b2b7-ac1f6b6435d0,0 13 21 25
6bb8664e-bad2-11e8-b2b8-ac1f6b6435d0,0 2
6bbc6a92-bac7-11e8-b2b7-ac1f6b6435d0,0 5 25
6bbf4912-bac5-11e8-b2b7-ac1f6b6435d0,0 7
6bc570bc-bad9-11e8-b2b9-ac1f6b6435d0,0 5
6bc916b8-bac5-11e8-b2b7-ac1f6b6435d0,0 1 14
6bcc2de8-bada-11e8-b2b9-ac1f6b6435d0,0 14 25
6bcfa540-bac6-11e8-b2b7-ac1f6b6435d0,0 12
6bd14aba-bac8-11e8-b2b8-ac1f6b6435d0,3
6bd4a592-bad3-11e8-b2b8-ac1f6b6435d0,0 19
6bda4464-bacb-11e8-b2b8-ac1f6b6435d0,4
6bf44dd2-bacb-11e8-b2b8-ac1f6b6435d0,0 2 23 25
6bf4905e-bacf-11e8-b2b8-ac1f6b6435d0,0 25
6bf55da4-bad9-11e8-b2b9-ac1f6b6435d0,23 25
6bf63562-bacf-11e8-b2b8-ac1f6b6435d0,0 2 21
6bfede24-baca-11e8-b2b8-ac1f6b6435d0,
6c00246e-bac5-11e8-b2b7-ac1f6b6435d0,0 2 22
6c004a3e-bac5-11e8-b2b7-ac1f6b6435d0,3 5
6c081ac0-bac5-11e8-b2b7-ac1f6b6435d0,0 18
6c0a7450-bacf-11e8-b2b8-ac1f6b6435d0,0 1 11 24 25
6c0eaf9a-bac8-11e8-b2b8-ac1f6b6435d0,0 13
6c12d5b2-bac7-11e8-b2b7-ac1f6b6435d0,0 25
6c17c6d6-bac6-11e8-b2b7-ac1f6b6435d0,0 25
6c2028de-bac7-11e8-b2b7-ac1f6b6435d0,5 26
6c22efea-bad8-11e8-b2b9-ac1f6b6435d0,0 1
6c27472a-bad3-11e8-b2b8-ac1f6b6435d0,22 25
6c282792-bada-11e8-b2b9-ac1f6b6435d0,5 25
6c2c4674-bad0-11e8-b2b8-ac1f6b6435d0,5
6c3f138a-bac6-11e8-b2b7-ac1f6b6435d0,0 5 25
6c42d5dc-bad6-11e8-b2b9-ac1f6b6435d0,0 2 3
6c461a96-bad4-11e8-b2b8-ac1f6b6435d0,0 25
6c4bd0b2-bac5-11e8-b2b7-ac1f6b6435d0,0
6c5fa2c0-bacc-11e8-b2b8-ac1f6b6435d0,0 1 25
6c61ef56-bad8-11e8-b2b9-ac1f6b6435d0,11
6c6a4756-bad7-11e8-b2b9-ac1f6b6435d0,14
6c7d9d88-bad7-11e8-b2b9-ac1f6b6435d0,0 25
6c85c8e0-bad3-11e8-b2b8-ac1f6b6435d0,0 7 25
6c884286-bacf-11e8-b2b8-ac1f6b6435d0,0 17 21 25
6c88faae-bad5-11e8-b2b9-ac1f6b6435d0,0
6c8f3e64-bad5-11e8-b2b9-ac1f6b6435d0,0 21
6c94aea2-bac7-11e8-b2b7-ac1f6b6435d0,14
6c97766c-bad8-11e8-b2b9-ac1f6b6435d0,0 23
6c9a0614-bacb-11e8-b2b8-ac1f6b6435d0,0 21 25
6c9f1826-baca-11e8-b2b8-ac1f6b6435d0,2 25
6ca48d9e-bad2-11e8-b2b8-ac1f6b6435d0,25
6cb1563e-bad5-11e8-b2b9-ac1f6b6435d0,
6cb4167c-bacf-11e8-b2b8-ac1f6b6435d0,0 25
6cb7d800-bad6-11e8-b2b9-ac1f6b6435d0,0 21 25
6cbce3a8-bad7-11e8-b2b9-ac1f6b6435d0,14
6cbd3a94-bada-11e8-b2b9-ac1f6b6435d0,0 7 23
6cc04b68-bad4-11e8-b2b8-ac1f6b6435d0,0 2
6cc21ac8-bad5-11e8-b2b9-ac1f6b6435d0,0 16 21 22 25
6cca4bf4-bad9-11e8-b2b9-ac1f6b6435d0,5 24
6cdcce3a-bad1-11e8-b2b8-ac1f6b6435d0,0 21 25
6cdd697a-bad7-11e8-b2b9-ac1f6b6435d0,0 26
6ce1701a-bac8-11e8-b2b8-ac1f6b6435d0,0 5
6ce39d9e-bace-11e8-b2b8-ac1f6b6435d0,0 25
6ce40726-bad2-11e8-b2b8-ac1f6b6435d0,0 21
6ce98808-bac9-11e8-b2b8-ac1f6b6435d0,0 25
6cea49a0-bad3-11e8-b2b8-ac1f6b6435d0,0 23 25
6ceca1a6-bacd-11e8-b2b8-ac1f6b6435d0,13
6cecfae4-bac7-11e8-b2b7-ac1f6b6435d0,0 4
6cf7aae8-bac7-11e8-b2b7-ac1f6b6435d0,0 23
6cf8d04e-bad1-11e8-b2b8-ac1f6b6435d0,0 11 25
6cfa61a4-bac5-11e8-b2b7-ac1f6b6435d0,22
6cff3880-bacc-11e8-b2b8-ac1f6b6435d0,0 21
6d0049c6-bac9-11e8-b2b8-ac1f6b6435d0,21 25
6d01d0b8-bac7-11e8-b2b7-ac1f6b6435d0,0 19
6d100cc6-bad3-11e8-b2b8-ac1f6b6435d0,0 3 25
6d20d61a-bac8-11e8-b2b8-ac1f6b6435d0,0 7
6d239c80-bacb-11e8-b2b8-ac1f6b6435d0,0
6d289756-bad7-11e8-b2b9-ac1f6b6435d0,2 5
6d2d7a4e-bad9-11e8-b2b9-ac1f6b6435d0,0 25
6d33dcc2-bad4-11e8-b2b8-ac1f6b6435d0,0 7 25
6d4292ea-bac9-11e8-b2b8-ac1f6b6435d0,0 4
6d442600-bad8-11e8-b2b9-ac1f6b6435d0,0 23 25
6d444c1c-bacd-11e8-b2b8-ac1f6b6435d0,14 17
6d496e52-bac5-11e8-b2b7-ac1f6b6435d0,0 21 25
6d4c0a7a-bad1-11e8-b2b8-ac1f6b6435d0,4
6d4f3800-bacf-11e8-b2b8-ac1f6b6435d0,0 21 25
6d54b860-bad0-11e8-b2b8-ac1f6b6435d0,22
6d556090-bad9-11e8-b2b9-ac1f6b6435d0,6 25
6d6a2916-bad5-11e8-b2b9-ac1f6b6435d0,0 23 25
6d6d0da4-bad8-11e8-b2b9-ac1f6b6435d0,0 25
6d70841c-bad2-11e8-b2b8-ac1f6b6435d0,23
6d759fb6-bad1-11e8-b2b8-ac1f6b6435d0,7
6d7ee91a-bacf-11e8-b2b8-ac1f6b6435d0,0 2 25
6d845514-bacd-11e8-b2b8-ac1f6b6435d0,25
6d85687e-bad1-11e8-b2b8-ac1f6b6435d0,0 2
6d94f128-bada-11e8-b2b9-ac1f6b6435d0,6
6d96f8c0-bacf-11e8-b2b8-ac1f6b6435d0,0 24
6d99673c-bace-11e8-b2b8-ac1f6b6435d0,0 25
6d9984b8-bad5-11e8-b2b9-ac1f6b6435d0,
6d99ed06-bad8-11e8-b2b9-ac1f6b6435d0,7
6da01f82-bac9-11e8-b2b8-ac1f6b6435d0,9 10
6da4bf7a-bacd-11e8-b2b8-ac1f6b6435d0,0
6da74734-bacf-11e8-b2b8-ac1f6b6435d0,19
6db92b80-bad8-11e8-b2b9-ac1f6b6435d0,0 7 23 25
6dbd3854-bad5-11e8-b2b9-ac1f6b6435d0,7
6dd7e7b6-bac7-11e8-b2b7-ac1f6b6435d0,25
6dd8d096-bad0-11e8-b2b8-ac1f6b6435d0,0 25 26
6dd9dc92-bad6-11e8-b2b9-ac1f6b6435d0,25
6ddcbfae-bacf-11e8-b2b8-ac1f6b6435d0,0 21 25
6defa9f0-bac7-11e8-b2b7-ac1f6b6435d0,0 21 25
6df165cc-bad3-11e8-b2b8-ac1f6b6435d0,0 2 25
6df238c0-bad4-11e8-b2b8-ac1f6b6435d0,0 25 26
6df62e68-bad8-11e8-b2b9-ac1f6b6435d0,18
6df7237a-bada-11e8-b2b9-ac1f6b6435d0,0 21 25
6df7487a-bad3-11e8-b2b8-ac1f6b6435d0,0 25
6e01241e-bacc-11e8-b2b8-ac1f6b6435d0,2 25
6e08ad78-bacd-11e8-b2b8-ac1f6b6435d0,5 25
6e0de724-bad3-11e8-b2b8-ac1f6b6435d0,1 4
6e147bc4-bac5-11e8-b2b7-ac1f6b6435d0,5 25
6e19caac-baca-11e8-b2b8-ac1f6b6435d0,13
6e219618-bacc-11e8-b2b8-ac1f6b6435d0,3 25
6e290908-bada-11e8-b2b9-ac1f6b6435d0,0 2 7
6e2e4c24-bacb-11e8-b2b8-ac1f6b6435d0,0 25
6e38113c-bacb-11e8-b2b8-ac1f6b6435d0,0 22
6e43b4a6-bac6-11e8-b2b7-ac1f6b6435d0,6 25
6e4d969a-bad7-11e8-b2b9-ac1f6b6435d0,6 25
6e54bba8-baca-11e8-b2b8-ac1f6b6435d0,0 25
6e55770c-bad2-11e8-b2b8-ac1f6b6435d0,0 25
6e57f3ca-bad1-11e8-b2b8-ac1f6b6435d0,2 4 25
6e60096c-bada-11e8-b2b9-ac1f6b6435d0,0
6e686e54-bacb-11e8-b2b8-ac1f6b6435d0,18
6e6c2f36-bac5-11e8-b2b7-ac1f6b6435d0,0 25
6e6dfd2e-bad5-11e8-b2b9-ac1f6b6435d0,0 25
6e7200e6-bad4-11e8-b2b8-ac1f6b6435d0,5
6e781154-bacd-11e8-b2b8-ac1f6b6435d0,0 25
6e7c8c36-bada-11e8-b2b9-ac1f6b6435d0,0 25
6e82adc4-bacf-11e8-b2b8-ac1f6b6435d0,14
6e833032-bacf-11e8-b2b8-ac1f6b6435d0,23
6e840828-bad3-11e8-b2b8-ac1f6b6435d0,0
6e88933c-bac6-11e8-b2b7-ac1f6b6435d0,0
6e8a7b4e-baca-11e8-b2b8-ac1f6b6435d0,0 25
6e9c4dfe-bacc-11e8-b2b8-ac1f6b6435d0,0 19
6ea19248-baca-11e8-b2b8-ac1f6b6435d0,0 18
6ea78892-bac5-11e8-b2b7-ac1f6b6435d0,23
6eab9afa-bace-11e8-b2b8-ac1f6b6435d0,7 21 25
6eaf5326-bac8-11e8-b2b8-ac1f6b6435d0,0 25
6eb9dbba-bac9-11e8-b2b8-ac1f6b6435d0,1 3
6ec16f2c-bada-11e8-b2b9-ac1f6b6435d0,0 12
6ec1b704-bac9-11e8-b2b8-ac1f6b6435d0,0 23
6ed58b44-bac9-11e8-b2b8-ac1f6b6435d0,0 23 25
6ed5caba-bac8-11e8-b2b8-ac1f6b6435d0,24
6ee051c4-bad7-11e8-b2b9-ac1f6b6435d0,0 25
6ee50b7c-bad9-11e8-b2b9-ac1f6b6435d0,0 21 25
6eeb660c-bac5-11e8-b2b7-ac1f6b6435d0,0 21
6eebd330-bad9-11e8-b2b9-ac1f6b6435d0,0 21 25
6eee3612-bad3-11e8-b2b8-ac1f6b6435d0,0
6ef53e7e-bacb-11e8-b2b8-ac1f6b6435d0,2 21 25
6ef574ec-bad1-11e8-b2b8-ac1f6b6435d0,0 7
6f03b714-bad6-11e8-b2b9-ac1f6b6435d0,25
6f0642e2-bad9-11e8-b2b9-ac1f6b6435d0,0 18
6f0b04f0-bad7-11e8-b2b9-ac1f6b6435d0,0 2 4 25
6f14d4a0-bad0-11e8-b2b8-ac1f6b6435d0,0 25
6f1cc2b8-bac7-11e8-b2b7-ac1f6b6435d0,0 5 7 25
6f1d5302-bac9-11e8-b2b8-ac1f6b6435d0,0 25
6f24a27c-bad5-11e8-b2b9-ac1f6b6435d0,11
6f28b3de-bacc-11e8-b2b8-ac1f6b6435d0,0 18 19 25
6f2c7bd2-bad0-11e8-b2b8-ac1f6b6435d0,25
6f30b762-bace-11e8-b2b8-ac1f6b6435d0,0 2 5
6f3a54b6-bace-11e8-b2b8-ac1f6b6435d0,4 19
6f420268-bac6-11e8-b2b7-ac1f6b6435d0,6
6f498e14-bac8-11e8-b2b8-ac1f6b6435d0,0 5
6f4a18bc-bad6-11e8-b2b9-ac1f6b6435d0,21
6f4fa798-bad4-11e8-b2b8-ac1f6b6435d0,0 11 12
6f5342e2-bad7-11e8-b2b9-ac1f6b6435d0,0 25
6f540cfa-bac7-11e8-b2b7-ac1f6b6435d0,5
6f5ae49e-bad1-11e8-b2b8-ac1f6b6435d0,25 26
6f5d3836-bad9-11e8-b2b9-ac1f6b6435d0,19 25
6f637c64-bad9-11e8-b2b9-ac1f6b6435d0,7
6f687baa-bacb-11e8-b2b8-ac1f6b6435d0,0 25
6f688c1c-bacb-11e8-b2b8-ac1f6b6435d0,0 5 24
6f6c44dc-bad6-11e8-b2b9-ac1f6b6435d0,0 1 5
6f70e666-bad8-11e8-b2b9-ac1f6b6435d0,4
6f75b04a-bad5-11e8-b2b9-ac1f6b6435d0,25
6f77d8e0-bace-11e8-b2b8-ac1f6b6435d0,0 5 24
6f7ca432-baca-11e8-b2b8-ac1f6b6435d0,0 25
6f7df9a6-bad2-11e8-b2b8-ac1f6b6435d0,0 17 18
6f854a2e-bad9-11e8-b2b9-ac1f6b6435d0,23
6f855818-bac8-11e8-b2b8-ac1f6b6435d0,0 21 25
6f886092-baca-11e8-b2b8-ac1f6b6435d0,23
6f935998-bad4-11e8-b2b8-ac1f6b6435d0,0 25
6f936876-bac9-11e8-b2b8-ac1f6b6435d0,0 4 24
6f942680-bace-11e8-b2b8-ac1f6b6435d0,11 25
6f965980-bada-11e8-b2b9-ac1f6b6435d0,5
6fa33790-bad0-11e8-b2b8-ac1f6b6435d0,0 25
6faba73c-bad9-11e8-b2b9-ac1f6b6435d0,0
6fabc7a0-bacd-11e8-b2b8-ac1f6b6435d0,0 21 25
6fbe2c42-bacd-11e8-b2b8-ac1f6b6435d0,21
6fbfe5be-bac8-11e8-b2b8-ac1f6b6435d0,25
6fc291fe-bad9-11e8-b2b9-ac1f6b6435d0,24
6fd2870c-bad0-11e8-b2b8-ac1f6b6435d0,0 14 25
6fd60506-bacd-11e8-b2b8-ac1f6b6435d0,3
6fe5faac-bad1-11e8-b2b8-ac1f6b6435d0,0 2
6fe66832-bad8-11e8-b2b9-ac1f6b6435d0,0 25
6fe7bd54-bad3-11e8-b2b8-ac1f6b6435d0,0 7 25
6febbfaa-bad6-11e8-b2b9-ac1f6b6435d0,0 22
6fef7a06-bac6-11e8-b2b7-ac1f6b6435d0,19
6ff07938-bada-11e8-b2b9-ac1f6b6435d0,0 23
6ff21218-bad8-11e8-b2b9-ac1f6b6435d0,2 25
7004ba60-bad5-11e8-b2b9-ac1f6b6435d0,12
700dc80a-bad3-11e8-b2b8-ac1f6b6435d0,25
700fd88e-bace-11e8-b2b8-ac1f6b6435d0,0 11 21 22
7029e236-bada-11e8-b2b9-ac1f6b6435d0,11
702b5b60-bad6-11e8-b2b9-ac1f6b6435d0,0 25
702c89fc-bac9-11e8-b2b8-ac1f6b6435d0,0 11 24 25
702f6702-bac5-11e8-b2b7-ac1f6b6435d0,0 11
70323110-bad6-11e8-b2b9-ac1f6b6435d0,0 3
70354ede-bad3-11e8-b2b8-ac1f6b6435d0,0
704ca29c-bacd-11e8-b2b8-ac1f6b6435d0,0 2
704db354-bacc-11e8-b2b8-ac1f6b6435d0,25
705d86e8-bacd-11e8-b2b8-ac1f6b6435d0,1 21
7062d2b0-bac8-11e8-b2b8-ac1f6b6435d0,0 2 25
70636066-bacf-11e8-b2b8-ac1f6b6435d0,11 21 25
7066a98c-bacb-11e8-b2b8-ac1f6b6435d0,0 7
706b6dc8-bac6-11e8-b2b7-ac1f6b6435d0,0 24 25
706fbea6-bac5-11e8-b2b7-ac1f6b6435d0,0 22 24
7072124c-bad8-11e8-b2b9-ac1f6b6435d0,14
7080ffba-bad7-11e8-b2b9-ac1f6b6435d0,13
708766d0-bacc-11e8-b2b8-ac1f6b6435d0,0 5 21 25
708b6baa-bad0-11e8-b2b8-ac1f6b6435d0,0
708dc516-bac7-11e8-b2b7-ac1f6b6435d0,0 2
7093748e-bad6-11e8-b2b9-ac1f6b6435d0,0 19 26
7094610e-bad2-11e8-b2b8-ac1f6b6435d0,0 7
70ad142c-bad9-11e8-b2b9-ac1f6b6435d0,0 5 21 25
70afa0de-bad9-11e8-b2b9-ac1f6b6435d0,0 4
70b4b916-bad9-11e8-b2b9-ac1f6b6435d0,0 23
70b743be-bad1-11e8-b2b8-ac1f6b6435d0,0 25
70b9d728-bad1-11e8-b2b8-ac1f6b6435d0,0 17 25
70be4124-bada-11e8-b2b9-ac1f6b6435d0,0 25
70c31a84-bac9-11e8-b2b8-ac1f6b6435d0,0 25
70cfaa00-bacf-11e8-b2b8-ac1f6b6435d0,0 25
70d9b858-bad7-11e8-b2b9-ac1f6b6435d0,0 21 25
70db1588-bad0-11e8-b2b8-ac1f6b6435d0,11
70e2c9a8-bad1-11e8-b2b8-ac1f6b6435d0,0 25
70e31300-bad0-11e8-b2b8-ac1f6b6435d0,23
70e72eb2-bad1-11e8-b2b8-ac1f6b6435d0,0 21 25
70e944ce-bac5-11e8-b2b7-ac1f6b6435d0,0 2 25
70f3e586-bacb-11e8-b2b8-ac1f6b6435d0,0 12 21 25
70f78d34-bac7-11e8-b2b7-ac1f6b6435d0,0 2 23
70fcdc88-bac9-11e8-b2b8-ac1f6b6435d0,0 5
71012082-bad2-11e8-b2b8-ac1f6b6435d0,25
7103f252-bac9-11e8-b2b8-ac1f6b6435d0,23
710b8ff6-bad0-11e8-b2b8-ac1f6b6435d0,14
71109d06-bac7-11e8-b2b7-ac1f6b6435d0,21 22 25
712612e6-baca-11e8-b2b8-ac1f6b6435d0,0 19
712810b8-bacb-11e8-b2b8-ac1f6b6435d0,0 21 25
71385b5e-baca-11e8-b2b8-ac1f6b6435d0,0 5
713f7520-bace-11e8-b2b8-ac1f6b6435d0,0 21 22
71491ae2-bada-11e8-b2b9-ac1f6b6435d0,0 1
714a34b4-bad9-11e8-b2b9-ac1f6b6435d0,2 25
71584a26-bad0-11e8-b2b8-ac1f6b6435d0,7 19
715f844c-bac8-11e8-b2b8-ac1f6b6435d0,0 19 21 25
71610428-baca-11e8-b2b8-ac1f6b6435d0,25
71675728-bac6-11e8-b2b7-ac1f6b6435d0,25
7178c75e-bad2-11e8-b2b8-ac1f6b6435d0,0 25
7185c960-bad0-11e8-b2b8-ac1f6b6435d0,0 5 21
718a1124-bac5-11e8-b2b7-ac1f6b6435d0,7 21 23
718b3294-bac9-11e8-b2b8-ac1f6b6435d0,0 2 25
718ce4f4-bace-11e8-b2b8-ac1f6b6435d0,0
718ebf3e-bada-11e8-b2b9-ac1f6b6435d0,0 16 17
71952de8-bad9-11e8-b2b9-ac1f6b6435d0,23
719a8eea-bad0-11e8-b2b8-ac1f6b6435d0,0
71a2338e-bad5-11e8-b2b9-ac1f6b6435d0,0 2 25
71a36c94-bacc-11e8-b2b8-ac1f6b6435d0,0 25
71a681ac-bace-11e8-b2b8-ac1f6b6435d0,0 23
71a6ca38-bad6-11e8-b2b9-ac1f6b6435d0,0 6 25
71a9dae2-bac8-11e8-b2b8-ac1f6b6435d0,0 2 25
71aa8338-bad3-11e8-b2b8-ac1f6b6435d0,0
71b48566-bacb-11e8-b2b8-ac1f6b6435d0,14 21
71b69d98-baca-11e8-b2b8-ac1f6b6435d0,0 7
71bd499e-bac6-11e8-b2b7-ac1f6b6435d0,0 21 25
71d403ee-bad2-11e8-b2b8-ac1f6b6435d0,19
71d95ca4-bacd-11e8-b2b8-ac1f6b6435d0,0
71df774c-bad7-11e8-b2b9-ac1f6b6435d0,0 21 25
71ec93ae-bad8-11e8-b2b9-ac1f6b6435d0,0 25
71fad07c-bad8-11e8-b2b9-ac1f6b6435d0,0 12 25
7201300e-bac7-11e8-b2b7-ac1f6b6435d0,0 25
72032538-bac9-11e8-b2b8-ac1f6b6435d0,25
720b8328-bad7-11e8-b2b9-ac1f6b6435d0,4
72121f48-bad8-11e8-b2b9-ac1f6b6435d0,0 24
72136e68-bad6-11e8-b2b9-ac1f6b6435d0,0 7
7213c716-bad9-11e8-b2b9-ac1f6b6435d0,0
7214c7dc-bacb-11e8-b2b8-ac1f6b6435d0,0 19
721d386c-bad1-11e8-b2b8-ac1f6b6435d0,0 7
721e18ba-bad9-11e8-b2b9-ac1f6b6435d0,0 2
7221878e-bacf-11e8-b2b8-ac1f6b6435d0,14 25
72218ca2-baca-11e8-b2b8-ac1f6b6435d0,2 11
7222bc84-bad5-11e8-b2b9-ac1f6b6435d0,0 21
722573e2-bac7-11e8-b2b7-ac1f6b6435d0,0 14 21 25
722bbd2e-bac7-11e8-b2b7-ac1f6b6435d0,0 21 22
723129bc-bacc-11e8-b2b8-ac1f6b6435d0,0 25
723b402a-bac5-11e8-b2b7-ac1f6b6435d0,0 7 25
723ca0cc-bac6-11e8-b2b7-ac1f6b6435d0,0 2 3
723fba84-bace-11e8-b2b8-ac1f6b6435d0,0 4 5
72455468-bad7-11e8-b2b9-ac1f6b6435d0,0 21 25
724a58c0-bacb-11e8-b2b8-ac1f6b6435d0,0 5 25
724ebba4-bacb-11e8-b2b8-ac1f6b6435d0,0
72595a90-bad1-11e8-b2b8-ac1f6b6435d0,0 7 25
72699148-bacd-11e8-b2b8-ac1f6b6435d0,23
726f6a9c-bad6-11e8-b2b9-ac1f6b6435d0,11
7270aa80-bacf-11e8-b2b8-ac1f6b6435d0,0 25
727e9804-bacd-11e8-b2b8-ac1f6b6435d0,0 25
7283a768-bad7-11e8-b2b9-ac1f6b6435d0,0 19
72875784-bad5-11e8-b2b9-ac1f6b6435d0,0 25
728da0bc-bad0-11e8-b2b8-ac1f6b6435d0,0 14 25
72a1f300-bacb-11e8-b2b8-ac1f6b6435d0,2
72a4e9ee-bacf-11e8-b2b8-ac1f6b6435d0,0 25
72a6fbf8-bad4-11e8-b2b8-ac1f6b6435d0,0 16 25
72af0ca4-bad3-11e8-b2b8-ac1f6b6435d0,0 25
72b0e792-bacc-11e8-b2b8-ac1f6b6435d0,13
72c0e6dc-bac8-11e8-b2b8-ac1f6b6435d0,1
72c9a07c-bacf-11e8-b2b8-ac1f6b6435d0,5 21 25
72c9bb82-bac7-11e8-b2b7-ac1f6b6435d0,0 17 21
72d0c660-bad7-11e8-b2b9-ac1f6b6435d0,25
72d69f16-bac5-11e8-b2b7-ac1f6b6435d0,11 21
72e11d9a-bacc-11e8-b2b8-ac1f6b6435d0,7
72eb33ce-bacd-11e8-b2b8-ac1f6b6435d0,0 2
72f42984-bac8-11e8-b2b8-ac1f6b6435d0,4 25
73050920-bad2-11e8-b2b8-ac1f6b6435d0,0
7310bde4-bac6-11e8-b2b7-ac1f6b6435d0,23 25
732662f4-bad3-11e8-b2b8-ac1f6b6435d0,0 21
732792b6-bacc-11e8-b2b8-ac1f6b6435d0,0 2 21 25
732c4a6a-bad9-11e8-b2b9-ac1f6b6435d0,3
732f543e-bad5-11e8-b2b9-ac1f6b6435d0,0 5
7332c974-bad6-11e8-b2b9-ac1f6b6435d0,0 7
73348ae6-bad8-11e8-b2b9-ac1f6b6435d0,2 14 25
733cb2fe-bad6-11e8-b2b9-ac1f6b6435d0,23
733d4ace-bac8-11e8-b2b8-ac1f6b6435d0,0
733f7b90-bad3-11e8-b2b8-ac1f6b6435d0,1
734373d0-bad8-11e8-b2b9-ac1f6b6435d0,0
73452e38-bacd-11e8-b2b8-ac1f6b6435d0,0 25
735061ea-bad7-11e8-b2b9-ac1f6b6435d0,0 5 25
7356ecea-bad7-11e8-b2b9-ac1f6b6435d0,21 22
735f7e4a-bace-11e8-b2b8-ac1f6b6435d0,6 23
7370e4e0-bad4-11e8-b2b8-ac1f6b6435d0,0 21 25
7372867c-bacc-11e8-b2b8-ac1f6b6435d0,21
73759fe2-bad6-11e8-b2b9-ac1f6b6435d0,5 23
737a5e20-bad5-11e8-b2b9-ac1f6b6435d0,0 18 21
737fc2de-bada-11e8-b2b9-ac1f6b6435d0,7 23 25
7394b598-bad2-11e8-b2b8-ac1f6b6435d0,0 16 17
739a5356-bac6-11e8-b2b7-ac1f6b6435d0,0 7 25
739f1c90-bad2-11e8-b2b8-ac1f6b6435d0,0 25
73a0ef3e-bac8-11e8-b2b8-ac1f6b6435d0,19
73a2570e-bacb-11e8-b2b8-ac1f6b6435d0,4
73a3ed68-bad9-11e8-b2b9-ac1f6b6435d0,23
73a83e3a-bad0-11e8-b2b8-ac1f6b6435d0,0 3
73ae74ae-baca-11e8-b2b8-ac1f6b6435d0,25
73b26344-bac9-11e8-b2b8-ac1f6b6435d0,0 25
73be9910-bad4-11e8-b2b8-ac1f6b6435d0,17 25
73c09eb6-bac7-11e8-b2b7-ac1f6b6435d0,0 16 17 25
73c12c00-bacc-11e8-b2b8-ac1f6b6435d0,1 6 25
73c68f14-bad2-11e8-b2b8-ac1f6b6435d0,0 25
73c8aa40-bac5-11e8-b2b7-ac1f6b6435d0,0 5
73dda71e-bacb-11e8-b2b8-ac1f6b6435d0,7 25
73e0957a-bac9-11e8-b2b8-ac1f6b6435d0,12 23
73ecaaf6-bad1-11e8-b2b8-ac1f6b6435d0,2 21 22
73f1e052-bac7-11e8-b2b7-ac1f6b6435d0,0 1
73f273ec-bada-11e8-b2b9-ac1f6b6435d0,0 5 25
73f2ad14-bac9-11e8-b2b8-ac1f6b6435d0,24
73fd8e68-bac5-11e8-b2b7-ac1f6b6435d0,0 15 16
74045f1a-bacd-11e8-b2b8-ac1f6b6435d0,21 25
74075840-bac9-11e8-b2b8-ac1f6b6435d0,0
740f90d0-bad0-11e8-b2b8-ac1f6b6435d0,14
741c4b54-bada-11e8-b2b9-ac1f6b6435d0,23 25
742085a0-bad2-11e8-b2b8-ac1f6b6435d0,0 19 21
74209e10-bac7-11e8-b2b7-ac1f6b6435d0,0 21 22
74230d82-bac5-11e8-b2b7-ac1f6b6435d0,4
74273b9e-bac7-11e8-b2b7-ac1f6b6435d0,0 25
7427b898-bac8-11e8-b2b8-ac1f6b6435d0,0 4 25
7429b484-bacf-11e8-b2b8-ac1f6b6435d0,0 4
742ce318-bacd-11e8-b2b8-ac1f6b6435d0,0 25
7432adfa-bad4-11e8-b2b8-ac1f6b6435d0,2 23
7437be7a-bacb-11e8-b2b8-ac1f6b6435d0,2 25
74388942-bad3-11e8-b2b8-ac1f6b6435d0,0 7
743d0334-bad6-11e8-b2b9-ac1f6b6435d0,0 25
7440cd18-bac5-11e8-b2b7-ac1f6b6435d0,0 19
744768a0-bacd-11e8-b2b8-ac1f6b6435d0,11 21 25
745448b6-bac5-11e8-b2b7-ac1f6b6435d0,0 13 25
7463f478-baca-11e8-b2b8-ac1f6b6435d0,0 22
746d12e4-bad7-11e8-b2b9-ac1f6b6435d0,6 25
746f1c6e-bace-11e8-b2b8-ac1f6b6435d0,0 7 23 25
747047a8-bad1-11e8-b2b8-ac1f6b6435d0,0 25
747d8cec-bad6-11e8-b2b9-ac1f6b6435d0,26
748169be-bad3-11e8-b2b8-ac1f6b6435d0,23 25
748224d8-bada-11e8-b2b9-ac1f6b6435d0,0 21 25
748ad66a-bad9-11e8-b2b9-ac1f6b6435d0,0 21
7494a07c-bad5-11e8-b2b9-ac1f6b6435d0,3
74983478-bad8-11e8-b2b9-ac1f6b6435d0,14 16 17
74993d6e-bad8-11e8-b2b9-ac1f6b6435d0,0
74a1a148-bad8-11e8-b2b9-ac1f6b6435d0,0 19
74a53c84-bac6-11e8-b2b7-ac1f6b6435d0,18 19
74a674a4-bad1-11e8-b2b8-ac1f6b6435d0,0 25
74ae4e4c-bad4-11e8-b2b8-ac1f6b6435d0,2 4
74b3d19a-bacb-11e8-b2b8-ac1f6b6435d0,1 2
74b60fb6-bace-11e8-b2b8-ac1f6b6435d0,0
74bdbb12-bace-11e8-b2b8-ac1f6b6435d0,7 25
74c0356c-bac5-11e8-b2b7-ac1f6b6435d0,23
74c4ff40-bad2-11e8-b2b8-ac1f6b6435d0,0 12 25
74d557e4-bad4-11e8-b2b8-ac1f6b6435d0,0 7 25
74d57914-bad3-11e8-b2b8-ac1f6b6435d0,0 2
74d85f70-bac5-11e8-b2b7-ac1f6b6435d0,0 22
750041b0-bad5-11e8-b2b9-ac1f6b6435d0,12
7506a466-bad9-11e8-b2b9-ac1f6b6435d0,25
750af796-baca-11e8-b2b8-ac1f6b6435d0,20
751db6b2-bac8-11e8-b2b8-ac1f6b6435d0,0 11
751e3c42-bad0-11e8-b2b8-ac1f6b6435d0,21 25
7530d018-bad6-11e8-b2b9-ac1f6b6435d0,0 23
753199de-bad7-11e8-b2b9-ac1f6b6435d0,0 2
75348e9a-bad3-11e8-b2b8-ac1f6b6435d0,0 2 21 25
753b0ed0-bac6-11e8-b2b7-ac1f6b6435d0,6 25
754143b6-bac8-11e8-b2b8-ac1f6b6435d0,25 26
754372de-bad8-11e8-b2b9-ac1f6b6435d0,21
7549fcf8-bac9-11e8-b2b8-ac1f6b6435d0,11
7551f160-bad3-11e8-b2b8-ac1f6b6435d0,0 21 25
755d9a86-bad0-11e8-b2b8-ac1f6b6435d0,8 11
756204d4-bacd-11e8-b2b8-ac1f6b6435d0,0 4
75620b34-bac6-11e8-b2b7-ac1f6b6435d0,0 2 25
7566fe08-bac8-11e8-b2b8-ac1f6b6435d0,0 21
7567ef8a-bad1-11e8-b2b8-ac1f6b6435d0,0 12
75721a7a-bad4-11e8-b2b8-ac1f6b6435d0,17 25
75779e62-bac7-11e8-b2b7-ac1f6b6435d0,0 2 7
757b6388-bad8-11e8-b2b9-ac1f6b6435d0,14 16 17 25
757b7d5c-bad6-11e8-b2b9-ac1f6b6435d0,4
757dfc06-bac9-11e8-b2b8-ac1f6b6435d0,0 21 25
757eebea-bac7-11e8-b2b7-ac1f6b6435d0,23
7580b77e-bac5-11e8-b2b7-ac1f6b6435d0,0 19 25
758543e2-bac6-11e8-b2b7-ac1f6b6435d0,0
7585591c-bacc-11e8-b2b8-ac1f6b6435d0,0 25
758bb6c2-bacc-11e8-b2b8-ac1f6b6435d0,0 12
7590e1a0-bad2-11e8-b2b8-ac1f6b6435d0,14
75a9a33a-bad1-11e8-b2b8-ac1f6b6435d0,21 25
75ba5ff0-bacb-11e8-b2b8-ac1f6b6435d0,13
75bc2fc0-bacf-11e8-b2b8-ac1f6b6435d0,22 25
75be3da4-bacc-11e8-b2b8-ac1f6b6435d0,0 1
75be9494-bada-11e8-b2b9-ac1f6b6435d0,3 21 25
75c08fde-baca-11e8-b2b8-ac1f6b6435d0,19
75c43ee8-bad1-11e8-b2b8-ac1f6b6435d0,23
75ca172c-bad2-11e8-b2b8-ac1f6b6435d0,0 7
75ce9646-bada-11e8-b2b9-ac1f6b6435d0,0 11
75d3c12a-bad0-11e8-b2b8-ac1f6b6435d0,0 1
75e3c338-bad8-11e8-b2b9-ac1f6b6435d0,0 25
75eb3c3e-bac5-11e8-b2b7-ac1f6b6435d0,0 2 25
75ec5268-bacf-11e8-b2b8-ac1f6b6435d0,0 25
75f0c366-bad4-11e8-b2b8-ac1f6b6435d0,0 21
75f0d54a-bac5-11e8-b2b7-ac1f6b6435d0,13
75f30536-bad4-11e8-b2b8-ac1f6b6435d0,20
75f34826-bad3-11e8-b2b8-ac1f6b6435d0,0 18 19
75fada54-bacf-11e8-b2b8-ac1f6b6435d0,0 25
75ff584e-bada-11e8-b2b9-ac1f6b6435d0,21 23 25
75ff6204-bad4-11e8-b2b8-ac1f6b6435d0,0
7603a0e4-bac5-11e8-b2b7-ac1f6b6435d0,0 25 26
76043512-bad0-11e8-b2b8-ac1f6b6435d0,0 19
7607b0c2-bad8-11e8-b2b9-ac1f6b6435d0,0 20
760b8100-bad5-11e8-b2b9-ac1f6b6435d0,0 7 23
761d1828-bad7-11e8-b2b9-ac1f6b6435d0,0 2
761e760c-bac6-11e8-b2b7-ac1f6b6435d0,0 2
762046f6-bad2-11e8-b2b8-ac1f6b6435d0,0 26
76251ab2-bad4-11e8-b2b8-ac1f6b6435d0,0 5 21
762890f4-bad2-11e8-b2b8-ac1f6b6435d0,25 26
762c439e-bacc-11e8-b2b8-ac1f6b6435d0,0 21
762cee1e-bad8-11e8-b2b9-ac1f6b6435d0,0 2
7631420a-bac6-11e8-b2b7-ac1f6b6435d0,0 17 25
7638074a-bac9-11e8-b2b8-ac1f6b6435d0,2 25
763ae8ce-baca-11e8-b2b8-ac1f6b6435d0,0 25
764284d4-bad5-11e8-b2b9-ac1f6b6435d0,7
7642eb18-bac6-11e8-b2b7-ac1f6b6435d0,0 25
7645e6a6-bad5-11e8-b2b9-ac1f6b6435d0,4
764d66e8-bac5-11e8-b2b7-ac1f6b6435d0,0 7
7653d7fc-bada-11e8-b2b9-ac1f6b6435d0,0 26
765ad3f4-bad0-11e8-b2b8-ac1f6b6435d0,0 25
765b7534-bad0-11e8-b2b8-ac1f6b6435d0,1 23
765e5a0a-bacc-11e8-b2b8-ac1f6b6435d0,0 25
76637810-bad5-11e8-b2b9-ac1f6b6435d0,0 21 25
76662120-bace-11e8-b2b8-ac1f6b6435d0,0 3
766b5fbc-bac6-11e8-b2b7-ac1f6b6435d0,1 25
766cc24c-bad7-11e8-b2b9-ac1f6b6435d0,0 7
76703a1a-bad9-11e8-b2b9-ac1f6b6435d0,0 5 25
767ed0f2-baca-11e8-b2b8-ac1f6b6435d0,0
768051ce-bad5-11e8-b2b9-ac1f6b6435d0,0 2 23
768244f2-bad0-11e8-b2b8-ac1f6b6435d0,0 7 20
76828a56-bac7-11e8-b2b7-ac1f6b6435d0,0 19
768b17ce-bacd-11e8-b2b8-ac1f6b6435d0,0 2
7692c8de-bac8-11e8-b2b8-ac1f6b6435d0,23
7692f91a-baca-11e8-b2b8-ac1f6b6435d0,13
7698bfa2-bad5-11e8-b2b9-ac1f6b6435d0,0 21 25
76a3312e-bad7-11e8-b2b9-ac1f6b6435d0,21
76a661f6-bacc-11e8-b2b8-ac1f6b6435d0,0 1 21 25
76a8412e-bad6-11e8-b2b9-ac1f6b6435d0,0
76a9921a-bacf-11e8-b2b8-ac1f6b6435d0,0 19
76a9c7d4-bad5-11e8-b2b9-ac1f6b6435d0,0 5
76aa0a32-bad0-11e8-b2b8-ac1f6b6435d0,7 23
76ab092c-bac7-11e8-b2b7-ac1f6b6435d0,6 25
76af40ee-bace-11e8-b2b8-ac1f6b6435d0,5 25
76b931b6-bad9-11e8-b2b9-ac1f6b6435d0,0 5
76c6eaba-bad7-11e8-b2b9-ac1f6b6435d0,0 21
76d25550-bac6-11e8-b2b7-ac1f6b6435d0,6 25
76d523d0-bad4-11e8-b2b8-ac1f6b6435d0,25
76d9045e-bad5-11e8-b2b9-ac1f6b6435d0,3 25
76dbbb84-bad2-11e8-b2b8-ac1f6b6435d0,0
76ddb370-bad3-11e8-b2b8-ac1f6b6435d0,21 25
76e3d960-bacb-11e8-b2b8-ac1f6b6435d0,25
76e98d86-bad2-11e8-b2b8-ac1f6b6435d0,0 17 18 25
76f171d6-bad2-11e8-b2b8-ac1f6b6435d0,0 7 25
76f3baa2-bad4-11e8-b2b8-ac1f6b6435d0,2
76f902ba-bad8-11e8-b2b9-ac1f6b6435d0,0 21 25
77027c00-bace-11e8-b2b8-ac1f6b6435d0,0 16 17 21 25
7708856c-bad5-11e8-b2b9-ac1f6b6435d0,12 25
770a85f2-bacf-11e8-b2b8-ac1f6b6435d0,0
770d3ee2-bac9-11e8-b2b8-ac1f6b6435d0,12 21
770da188-bacf-11e8-b2b8-ac1f6b6435d0,7
77161884-bad6-11e8-b2b9-ac1f6b6435d0,0 7
7717bd6e-bad2-11e8-b2b8-ac1f6b6435d0,0 7 25
771c424c-baca-11e8-b2b8-ac1f6b6435d0,0 14
771fbbb2-bad3-11e8-b2b8-ac1f6b6435d0,1
7721396e-bacf-11e8-b2b8-ac1f6b6435d0,6 25
7729b27c-bacc-11e8-b2b8-ac1f6b6435d0,0 18 25
7734a462-bad0-11e8-b2b8-ac1f6b6435d0,0 7
77373f40-bad7-11e8-b2b9-ac1f6b6435d0,0 5 25
774468bc-baca-11e8-b2b8-ac1f6b6435d0,14 23
77465234-bac6-11e8-b2b7-ac1f6b6435d0,0 3
774beab4-bad0-11e8-b2b8-ac1f6b6435d0,0
774ed8fc-bac9-11e8-b2b8-ac1f6b6435d0,0 21 25
774fc338-bacf-11e8-b2b8-ac1f6b6435d0,3
7756d508-bac8-11e8-b2b8-ac1f6b6435d0,21 25
77576b34-bad3-11e8-b2b8-ac1f6b6435d0,0 7 25
77576d90-bad9-11e8-b2b9-ac1f6b6435d0,25
775aab76-bada-11e8-b2b9-ac1f6b6435d0,0 21 23
77646ae8-bad1-11e8-b2b8-ac1f6b6435d0,0 2 4 25
776520e0-bad7-11e8-b2b9-ac1f6b6435d0,0 7 25
7768078c-bad3-11e8-b2b8-ac1f6b6435d0,12 21
7769bf20-bac7-11e8-b2b7-ac1f6b6435d0,0 25
776ae0d0-bad1-11e8-b2b8-ac1f6b6435d0,0 16 17 18 25
776d77e0-bad7-11e8-b2b9-ac1f6b6435d0,0 7
77732062-baca-11e8-b2b8-ac1f6b6435d0,0 2 25
777c260c-bada-11e8-b2b9-ac1f6b6435d0,0 21
777fe734-bacf-11e8-b2b8-ac1f6b6435d0,0
77835652-bada-11e8-b2b9-ac1f6b6435d0,14 16 17 25
7788aa50-bad8-11e8-b2b9-ac1f6b6435d0,14
778b5134-bacd-11e8-b2b8-ac1f6b6435d0,0 19
779b9a9a-bad1-11e8-b2b8-ac1f6b6435d0,23
779f5f76-bac8-11e8-b2b8-ac1f6b6435d0,0 5 21 25
77a7d8a2-bacf-11e8-b2b8-ac1f6b6435d0,25
77ab062a-bada-11e8-b2b9-ac1f6b6435d0,0 5
77b27d28-bad1-11e8-b2b8-ac1f6b6435d0,21 22
77c50e14-bace-11e8-b2b8-ac1f6b6435d0,0 21 25
77cee6fc-bad6-11e8-b2b9-ac1f6b6435d0,5 21 25
77d0cd44-bad8-11e8-b2b9-ac1f6b6435d0,3
77e0e516-bad9-11e8-b2b9-ac1f6b6435d0,21 25
77e1a5ae-bad5-11e8-b2b9-ac1f6b6435d0,0 2 25
77e51a64-bac5-11e8-b2b7-ac1f6b6435d0,0 7
77ec1cea-bac7-11e8-b2b7-ac1f6b6435d0,0
77efb994-bacd-11e8-b2b8-ac1f6b6435d0,0 1
77f63a50-bac6-11e8-b2b7-ac1f6b6435d0,0 25
77fcbf10-bada-11e8-b2b9-ac1f6b6435d0,18 19
78017aba-baca-11e8-b2b8-ac1f6b6435d0,0 23 25
78041b76-bacf-11e8-b2b8-ac1f6b6435d0,25
780652bc-bacd-11e8-b2b8-ac1f6b6435d0,0 23 25
781b7298-bad5-11e8-b2b9-ac1f6b6435d0,4
781f694a-bace-11e8-b2b8-ac1f6b6435d0,16 17 25
782a08a6-bac8-11e8-b2b8-ac1f6b6435d0,0
782b1c80-bad9-11e8-b2b9-ac1f6b6435d0,0 21 22
783604c8-bada-11e8-b2b9-ac1f6b6435d0,0 2 25
78379daa-bac7-11e8-b2b7-ac1f6b6435d0,0 2
783a1fb0-bace-11e8-b2b8-ac1f6b6435d0,12
7849191e-bada-11e8-b2b9-ac1f6b6435d0,11
784fe310-bac7-11e8-b2b7-ac1f6b6435d0,0 2
7850f7a4-bad7-11e8-b2b9-ac1f6b6435d0,3
7856dc8c-bac8-11e8-b2b8-ac1f6b6435d0,5 25
7857d700-bac7-11e8-b2b7-ac1f6b6435d0,7
785b2f10-bac5-11e8-b2b7-ac1f6b6435d0,
785c839c-bad4-11e8-b2b8-ac1f6b6435d0,0 5 25
786c1124-bac8-11e8-b2b8-ac1f6b6435d0,0 25
78711dfe-bad7-11e8-b2b9-ac1f6b6435d0,0 21 24
7875b7aa-bad3-11e8-b2b8-ac1f6b6435d0,0 25
7875bbd0-bad6-11e8-b2b9-ac1f6b6435d0,6 25
7875d8bc-bad2-11e8-b2b8-ac1f6b6435d0,6 25
787bd520-bacb-11e8-b2b8-ac1f6b6435d0,0 7
787df472-bad0-11e8-b2b8-ac1f6b6435d0,0 5 25
7880a46a-bada-11e8-b2b9-ac1f6b6435d0,0 21
788f9948-bad5-11e8-b2b9-ac1f6b6435d0,0 14 17 25
7895cd64-bac5-11e8-b2b7-ac1f6b6435d0,14 17 25
78a17ef6-bac6-11e8-b2b7-ac1f6b6435d0,0 5 25
78a7e31c-bad6-11e8-b2b9-ac1f6b6435d0,0 4 5
78ad40fe-bacd-11e8-b2b8-ac1f6b6435d0,23
78b39e1c-bac9-11e8-b2b8-ac1f6b6435d0,7
78b8d95a-bac8-11e8-b2b8-ac1f6b6435d0,7 23
78bfbee8-bad5-11e8-b2b9-ac1f6b6435d0,0 18
78c4472a-baca-11e8-b2b8-ac1f6b6435d0,0 19
78cea3a4-bada-11e8-b2b9-ac1f6b6435d0,11 25
78e051d2-bace-11e8-b2b8-ac1f6b6435d0,23
78e315f2-bad8-11e8-b2b9-ac1f6b6435d0,0 23 25
78e3e67e-bad5-11e8-b2b9-ac1f6b6435d0,0 2 7 25
78e77902-bad4-11e8-b2b8-ac1f6b6435d0,0 19 21 25
78e97450-bac5-11e8-b2b7-ac1f6b6435d0,0 25
78ecdb30-bad5-11e8-b2b9-ac1f6b6435d0,0 2
78ee825c-bad3-11e8-b2b8-ac1f6b6435d0,0 21
78fa64ee-bacb-11e8-b2b8-ac1f6b6435d0,0 25
78faa1e0-bad3-11e8-b2b8-ac1f6b6435d0,5
78fb79de-bad9-11e8-b2b9-ac1f6b6435d0,0 5 25
79010a00-bad6-11e8-b2b9-ac1f6b6435d0,0 5
79078d6a-bac9-11e8-b2b8-ac1f6b6435d0,0 25
790f39e4-bad7-11e8-b2b9-ac1f6b6435d0,2 24
79136f7e-bacc-11e8-b2b8-ac1f6b6435d0,12 25
791548e0-bad0-11e8-b2b8-ac1f6b6435d0,0 21
7916e6d4-bace-11e8-b2b8-ac1f6b6435d0,0 7 25
791f8af4-bad4-11e8-b2b8-ac1f6b6435d0,0 18 25
7929949a-bad4-11e8-b2b8-ac1f6b6435d0,0 14 16 17 25
792a1dd6-bad2-11e8-b2b8-ac1f6b6435d0,1 25
792c4a40-bacb-11e8-b2b8-ac1f6b6435d0,0 5 25
792cbb48-bad9-11e8-b2b9-ac1f6b6435d0,3
792ef590-bad2-11e8-b2b8-ac1f6b6435d0,17 18 25
792fab5e-bada-11e8-b2b9-ac1f6b6435d0,7 25
7930abc2-bad9-11e8-b2b9-ac1f6b6435d0,4
793ee83c-bac9-11e8-b2b8-ac1f6b6435d0,4 25
794c6046-bad0-11e8-b2b8-ac1f6b6435d0,0 14 25
795ab762-bac7-11e8-b2b7-ac1f6b6435d0,0 25
795d77fe-bacc-11e8-b2b8-ac1f6b6435d0,25
795e2168-bacc-11e8-b2b8-ac1f6b6435d0,0 25
79638990-bad2-11e8-b2b8-ac1f6b6435d0,11 23
7967abf8-bac6-11e8-b2b7-ac1f6b6435d0,22
79682682-bada-11e8-b2b9-ac1f6b6435d0,0 23 25
796a5d82-bad8-11e8-b2b9-ac1f6b6435d0,0 21 25
796d7628-bacb-11e8-b2b8-ac1f6b6435d0,13
7972fdfe-bacc-11e8-b2b8-ac1f6b6435d0,0 7
79799706-bad9-11e8-b2b9-ac1f6b6435d0,0 25
797c128e-bad8-11e8-b2b9-ac1f6b6435d0,23 25
797ff8b0-bad6-11e8-b2b9-ac1f6b6435d0,0
79818d16-bacb-11e8-b2b8-ac1f6b6435d0,0 2
79861908-bacb-11e8-b2b8-ac1f6b6435d0,0 25 26
7986d63c-baca-11e8-b2b8-ac1f6b6435d0,0 25
798c8682-bace-11e8-b2b8-ac1f6b6435d0,3 25
798f7080-bacf-11e8-b2b8-ac1f6b6435d0,0 25
79908e0e-bad7-11e8-b2b9-ac1f6b6435d0,0 25
79957fd0-bad3-11e8-b2b8-ac1f6b6435d0,0 3 4
79970da6-bac8-11e8-b2b8-ac1f6b6435d0,2 25
79989e5e-bac9-11e8-b2b8-ac1f6b6435d0,21
799e504c-bac9-11e8-b2b8-ac1f6b6435d0,0 2
79a37fa2-bacb-11e8-b2b8-ac1f6b6435d0,0 14 16
79a3bada-bad5-11e8-b2b9-ac1f6b6435d0,0 3
79a92ca6-bace-11e8-b2b8-ac1f6b6435d0,0 21
79afd536-bacb-11e8-b2b8-ac1f6b6435d0,0 1
79b68d68-bad0-11e8-b2b8-ac1f6b6435d0,23
79b9bd60-bad2-11e8-b2b8-ac1f6b6435d0,0 25
79bd8ed0-bac9-11e8-b2b8-ac1f6b6435d0,7
79be50ca-bac6-11e8-b2b7-ac1f6b6435d0,0 18 19
79bf374c-bad5-11e8-b2b9-ac1f6b6435d0,0 25
79c4e3b6-bad7-11e8-b2b9-ac1f6b6435d0,
79c54a6e-bad1-11e8-b2b8-ac1f6b6435d0,0 2 24
79c6693e-bacd-11e8-b2b8-ac1f6b6435d0,0 7 25
79c6d3b2-bad5-11e8-b2b9-ac1f6b6435d0,2 25
79cb23ac-bac8-11e8-b2b8-ac1f6b6435d0,25
79ce5b8e-bace-11e8-b2b8-ac1f6b6435d0,20
79d0c1a6-bad0-11e8-b2b8-ac1f6b6435d0,0
79d754ba-bac8-11e8-b2b8-ac1f6b6435d0,25
79e49d56-bad1-11e8-b2b8-ac1f6b6435d0,0 19
79e65cba-bad4-11e8-b2b8-ac1f6b6435d0,0 7
79f0170e-bacb-11e8-b2b8-ac1f6b6435d0,0 25
79f4fe16-bad2-11e8-b2b8-ac1f6b6435d0,25
79f6459e-baca-11e8-b2b8-ac1f6b6435d0,0 25
79ff8e3a-bad7-11e8-b2b9-ac1f6b6435d0,0 7
79ffa4e8-bac7-11e8-b2b7-ac1f6b6435d0,0 25
7a0c7fd4-bac6-11e8-b2b7-ac1f6b6435d0,25
7a1380d4-bacd-11e8-b2b8-ac1f6b6435d0,0 25
7a13d988-bac5-11e8-b2b7-ac1f6b6435d0,0
7a189ab2-bac6-11e8-b2b7-ac1f6b6435d0,0 1
7a20d6f4-bad1-11e8-b2b8-ac1f6b6435d0,0 2
7a2dc7fe-bad3-11e8-b2b8-ac1f6b6435d0,0 2 25
7a2fa376-bace-11e8-b2b8-ac1f6b6435d0,4
7a31d31e-bad1-11e8-b2b8-ac1f6b6435d0,11
7a3a3296-bace-11e8-b2b8-ac1f6b6435d0,14
7a4318e4-bacd-11e8-b2b8-ac1f6b6435d0,0 25
7a4fd6e4-bacb-11e8-b2b8-ac1f6b6435d0,0 5 25
7a50c6c4-bac8-11e8-b2b8-ac1f6b6435d0,0 23
7a560456-bad0-11e8-b2b8-ac1f6b6435d0,0 21 25
7a6c0bc2-bad8-11e8-b2b9-ac1f6b6435d0,0 25
7a6ca994-bad6-11e8-b2b9-ac1f6b6435d0,0 1 2
7a71cf3e-bad9-11e8-b2b9-ac1f6b6435d0,0 21 25
7a7237b2-bad4-11e8-b2b8-ac1f6b6435d0,12 25
7a747236-bad7-11e8-b2b9-ac1f6b6435d0,0 25
7a7ba274-bad0-11e8-b2b8-ac1f6b6435d0,1 2 6
7a7e774c-bad0-11e8-b2b8-ac1f6b6435d0,0 22
7a7e94ce-bacc-11e8-b2b8-ac1f6b6435d0,0 25
7a7f48ce-bacc-11e8-b2b8-ac1f6b6435d0,0 2 25
7a8c2412-bacd-11e8-b2b8-ac1f6b6435d0,0 2 25
7a96d1a8-bac5-11e8-b2b7-ac1f6b6435d0,0 21
7a9845bc-bad2-11e8-b2b8-ac1f6b6435d0,0 25
7a9ba13a-bad7-11e8-b2b9-ac1f6b6435d0,1 2
7aab09e4-bad8-11e8-b2b9-ac1f6b6435d0,0 2 25
7ab013b2-bac9-11e8-b2b8-ac1f6b6435d0,0 21 25
7ab68eb0-bad6-11e8-b2b9-ac1f6b6435d0,0 1
7ab70748-bad4-11e8-b2b8-ac1f6b6435d0,0 25
7ac16682-bad6-11e8-b2b9-ac1f6b6435d0,26
7ac7d230-bacf-11e8-b2b8-ac1f6b6435d0,0 1 2
7ad2feec-bac7-11e8-b2b7-ac1f6b6435d0,11
7ad6a956-bad2-11e8-b2b8-ac1f6b6435d0,0 23
7ae731a6-bac6-11e8-b2b7-ac1f6b6435d0,7
7ae7982a-bac7-11e8-b2b7-ac1f6b6435d0,0 5
7ae845ec-baca-11e8-b2b8-ac1f6b6435d0,0
7aed1736-bac8-11e8-b2b8-ac1f6b6435d0,0 19
7aedc878-bacf-11e8-b2b8-ac1f6b6435d0,0
7aef3c8a-bacf-11e8-b2b8-ac1f6b6435d0,0 2 4 25
7af51cac-bacc-11e8-b2b8-ac1f6b6435d0,0 21 25
7af952ce-baca-11e8-b2b8-ac1f6b6435d0,0 18 25
7b043ade-bad6-11e8-b2b9-ac1f6b6435d0,0 1 25
7b08a708-bac8-11e8-b2b8-ac1f6b6435d0,0 19 21 25
7b08dde8-bacf-11e8-b2b8-ac1f6b6435d0,0 4 21
7b0bbd70-bac9-11e8-b2b8-ac1f6b6435d0,4 7 25
7b1413a8-bad8-11e8-b2b9-ac1f6b6435d0,0 25
7b15bfa4-bad4-11e8-b2b8-ac1f6b6435d0,7
7b1bd74c-bad7-11e8-b2b9-ac1f6b6435d0,0
7b2a2bca-bac9-11e8-b2b8-ac1f6b6435d0,0 25
7b30bc22-bada-11e8-b2b9-ac1f6b6435d0,0 2 13 25
7b38e960-bacb-11e8-b2b8-ac1f6b6435d0,7
7b441574-bad0-11e8-b2b8-ac1f6b6435d0,0 2
7b4850cc-bad9-11e8-b2b9-ac1f6b6435d0,1
7b53fcca-bad8-11e8-b2b9-ac1f6b6435d0,0 25
7b5f2a40-bad9-11e8-b2b9-ac1f6b6435d0,0 2 7
7b6021fc-baca-11e8-b2b8-ac1f6b6435d0,0 13 21 25
7b672d5e-bad3-11e8-b2b8-ac1f6b6435d0,0 21
7b6b853a-bacd-11e8-b2b8-ac1f6b6435d0,0 21 22
7b6e9ff8-bac9-11e8-b2b8-ac1f6b6435d0,7
7b6f776e-bad5-11e8-b2b9-ac1f6b6435d0,0 5
7b77ac12-bad1-11e8-b2b8-ac1f6b6435d0,0 7
7b869a0e-bac9-11e8-b2b8-ac1f6b6435d0,21 25
7b9965a0-bacc-11e8-b2b8-ac1f6b6435d0,11
7b9baa14-bacb-11e8-b2b8-ac1f6b6435d0,21 25
7ba0e218-bad5-11e8-b2b9-ac1f6b6435d0,4
7ba4b78c-bace-11e8-b2b8-ac1f6b6435d0,0 24
7ba9cb86-bad9-11e8-b2b9-ac1f6b6435d0,0 25
7bad17c4-bad3-11e8-b2b8-ac1f6b6435d0,3
7bb2ae66-bac7-11e8-b2b7-ac1f6b6435d0,0 19 25
7bba5826-bace-11e8-b2b8-ac1f6b6435d0,
7bbf8f08-bad3-11e8-b2b8-ac1f6b6435d0,0 11 25
7bbff590-bad0-11e8-b2b8-ac1f6b6435d0,0 16 25
7bc480be-bad1-11e8-b2b8-ac1f6b6435d0,0 1 5
7bcedac0-bad4-11e8-b2b8-ac1f6b6435d0,0 2
7bcfc632-bada-11e8-b2b9-ac1f6b6435d0,0 2 25
7bd40514-bac9-11e8-b2b8-ac1f6b6435d0,7 23
7bd629c6-bac8-11e8-b2b8-ac1f6b6435d0,0 25 26
7bd7ab54-bac6-11e8-b2b7-ac1f6b6435d0,0 20
7bd86336-bad6-11e8-b2b9-ac1f6b6435d0,0
7bd9dd6a-bac7-11e8-b2b7-ac1f6b6435d0,0 22
7be40d24-bace-11e8-b2b8-ac1f6b6435d0,0 4 25
7be88910-bada-11e8-b2b9-ac1f6b6435d0,3 5
7bf48e80-bacc-11e8-b2b8-ac1f6b6435d0,1
7bfb4122-bac6-11e8-b2b7-ac1f6b6435d0,19
7bfc8f7a-bad8-11e8-b2b9-ac1f6b6435d0,21 25
7bfef4ae-bac9-11e8-b2b8-ac1f6b6435d0,0 21 25
7c00591e-bacb-11e8-b2b8-ac1f6b6435d0,0 18 25
7c03a7dc-bad9-11e8-b2b9-ac1f6b6435d0,0 23
7c08b8ea-bad3-11e8-b2b8-ac1f6b6435d0,0 7 19
7c09f466-bacf-11e8-b2b8-ac1f6b6435d0,0 25
7c0a25b4-bac8-11e8-b2b8-ac1f6b6435d0,7
7c0e78e2-baca-11e8-b2b8-ac1f6b6435d0,0 1
7c0e990c-bada-11e8-b2b9-ac1f6b6435d0,0 21 25
7c16411c-bac5-11e8-b2b7-ac1f6b6435d0,0 21 25
7c1b4716-bad9-11e8-b2b9-ac1f6b6435d0,0 25
7c1d3cde-bace-11e8-b2b8-ac1f6b6435d0,19
7c1f771c-bac7-11e8-b2b7-ac1f6b6435d0,0 14 25
7c204564-bad3-11e8-b2b8-ac1f6b6435d0,0 18 19
7c245fd8-bacd-11e8-b2b8-ac1f6b6435d0,18 19
7c2b0bd2-bada-11e8-b2b9-ac1f6b6435d0,0 2 25
7c2feade-bad6-11e8-b2b9-ac1f6b6435d0,21 23 25
7c370d6a-bad5-11e8-b2b9-ac1f6b6435d0,0 11
7c38150a-bacd-11e8-b2b8-ac1f6b6435d0,0
7c3d7fda-bac9-11e8-b2b8-ac1f6b6435d0,0 25
7c41aae6-bac5-11e8-b2b7-ac1f6b6435d0,0 2 7 25
7c476d80-bad1-11e8-b2b8-ac1f6b6435d0,2 21
7c4ff246-bace-11e8-b2b8-ac1f6b6435d0,0 25
7c5460ee-bac7-11e8-b2b7-ac1f6b6435d0,0 19
7c5a3cae-bad5-11e8-b2b9-ac1f6b6435d0,0 5
7c5db150-bad9-11e8-b2b9-ac1f6b6435d0,11 24
7c60f47e-bad3-11e8-b2b8-ac1f6b6435d0,0
7c659a3c-bacf-11e8-b2b8-ac1f6b6435d0,12 21 25
7c6a0764-bac7-11e8-b2b7-ac1f6b6435d0,0 1 25
7c6db3b6-baca-11e8-b2b8-ac1f6b6435d0,0 23
7c795fa8-bad0-11e8-b2b8-ac1f6b6435d0,0 25 26
7c81db16-bad9-11e8-b2b9-ac1f6b6435d0,0 21
7c83379a-bacf-11e8-b2b8-ac1f6b6435d0,0 5
7c89d28c-bacd-11e8-b2b8-ac1f6b6435d0,0 18 19
7c9015d4-bac8-11e8-b2b8-ac1f6b6435d0,0 3 23
7c904038-bad0-11e8-b2b8-ac1f6b6435d0,4 25
7c9207e8-baca-11e8-b2b8-ac1f6b6435d0,0 25
7c931fea-bad7-11e8-b2b9-ac1f6b6435d0,0 25
7c9e0e74-bad6-11e8-b2b9-ac1f6b6435d0,14
7ca090d2-bacb-11e8-b2b8-ac1f6b6435d0,23 25
7ca3adc0-bacc-11e8-b2b8-ac1f6b6435d0,0 2
7ca4d1ae-bac8-11e8-b2b8-ac1f6b6435d0,0 2 7
7cafa4f2-bac9-11e8-b2b8-ac1f6b6435d0,0 21 25
7cb449d0-bace-11e8-b2b8-ac1f6b6435d0,0 25
7cbcc528-bad4-11e8-b2b8-ac1f6b6435d0,0 2 25
7cbd0ffa-bada-11e8-b2b9-ac1f6b6435d0,0
7cbd9788-bac9-11e8-b2b8-ac1f6b6435d0,0 21
7cbfca98-bacf-11e8-b2b8-ac1f6b6435d0,0 20
7cc3ea38-bac5-11e8-b2b7-ac1f6b6435d0,5
7ccce802-bad1-11e8-b2b8-ac1f6b6435d0,0 2 25
7cd1f8fe-bad3-11e8-b2b8-ac1f6b6435d0,18 21 25
7cd5db24-bad6-11e8-b2b9-ac1f6b6435d0,0 4 25
7cdc0f0c-bac8-11e8-b2b8-ac1f6b6435d0,0
7cdf21e2-bacd-11e8-b2b8-ac1f6b6435d0,0 25
7ce8f730-bac8-11e8-b2b8-ac1f6b6435d0,0
7cedbbbc-bacd-11e8-b2b8-ac1f6b6435d0,1 2
7cef4f6a-bac6-11e8-b2b7-ac1f6b6435d0,0 2 21
7cf3c31e-bacc-11e8-b2b8-ac1f6b6435d0,0 3 14
7cf5ac8a-bac5-11e8-b2b7-ac1f6b6435d0,0 5 24
7d03f590-bad6-11e8-b2b9-ac1f6b6435d0,21
7d0477ec-bad4-11e8-b2b8-ac1f6b6435d0,0 25
7d047b12-bad8-11e8-b2b9-ac1f6b6435d0,0 25
7d056164-bac7-11e8-b2b7-ac1f6b6435d0,0 2
7d2343be-bad6-11e8-b2b9-ac1f6b6435d0,0 23
7d26e95c-bac6-11e8-b2b7-ac1f6b6435d0,0 19
7d319eb2-bad8-11e8-b2b9-ac1f6b6435d0,4 5
7d31f644-bada-11e8-b2b9-ac1f6b6435d0,0 2 7 25
7d320420-bad2-11e8-b2b8-ac1f6b6435d0,0 18 19
7d3e1910-bac6-11e8-b2b7-ac1f6b6435d0,0
7d440332-bacd-11e8-b2b8-ac1f6b6435d0,0 21
7d4705b2-bad4-11e8-b2b8-ac1f6b6435d0,0 25
7d4b4b52-bad1-11e8-b2b8-ac1f6b6435d0,4
7d5046fa-bad8-11e8-b2b9-ac1f6b6435d0,25
7d5e7ee4-bad5-11e8-b2b9-ac1f6b6435d0,0 23 25
7d64638a-bacc-11e8-b2b8-ac1f6b6435d0,
7d67edc6-bad5-11e8-b2b9-ac1f6b6435d0,17 25
7d6827c4-bad4-11e8-b2b8-ac1f6b6435d0,0 3
7d7565e2-bad9-11e8-b2b9-ac1f6b6435d0,0
7d76e372-baca-11e8-b2b8-ac1f6b6435d0,11 12
7d85a176-bacc-11e8-b2b8-ac1f6b6435d0,0 25
7d8ae272-bad0-11e8-b2b8-ac1f6b6435d0,0 21
7d8bfc52-bad5-11e8-b2b9-ac1f6b6435d0,19
7d8ed3ba-bac5-11e8-b2b7-ac1f6b6435d0,
7d903b1c-bacd-11e8-b2b8-ac1f6b6435d0,0 25
7d917aa0-bad6-11e8-b2b9-ac1f6b6435d0,0 11 25
7d91c64c-bacf-11e8-b2b8-ac1f6b6435d0,0 23
7d9ad022-bac8-11e8-b2b8-ac1f6b6435d0,0 16
7da3b2e2-bad6-11e8-b2b9-ac1f6b6435d0,0
7da48872-bac5-11e8-b2b7-ac1f6b6435d0,0 21 25
7da588b6-bacb-11e8-b2b8-ac1f6b6435d0,25
7db5ac54-bac7-11e8-b2b7-ac1f6b6435d0,0 11 12
7dbb5238-bac9-11e8-b2b8-ac1f6b6435d0,7
7dbe7d90-bad4-11e8-b2b8-ac1f6b6435d0,25
7dc040d4-bacb-11e8-b2b8-ac1f6b6435d0,0 25
7dc7b996-bad9-11e8-b2b9-ac1f6b6435d0,0 16
7dce7aca-bad8-11e8-b2b9-ac1f6b6435d0,0 2 25
7dcfdcec-bacb-11e8-b2b8-ac1f6b6435d0,0 25
7dd0087e-bac7-11e8-b2b7-ac1f6b6435d0,0 3 26
7dd02576-bac6-11e8-b2b7-ac1f6b6435d0,0 7 18 25
7dd31f9e-bad8-11e8-b2b9-ac1f6b6435d0,11
7dd35168-bad7-11e8-b2b9-ac1f6b6435d0,16 17 25
7ddcf11e-bacd-11e8-b2b8-ac1f6b6435d0,14
7dde73a6-bacb-11e8-b2b8-ac1f6b6435d0,0 7 23
7de0fa24-bad8-11e8-b2b9-ac1f6b6435d0,0 25
7df51e72-bac5-11e8-b2b7-ac1f6b6435d0,5
7dfa8e0e-bad7-11e8-b2b9-ac1f6b6435d0,2 25
7dfc6326-bacf-11e8-b2b8-ac1f6b6435d0,6
7e02d21c-bacd-11e8-b2b8-ac1f6b6435d0,14
7e04ee2e-bac5-11e8-b2b7-ac1f6b6435d0,0 2 25
7e06049e-bad9-11e8-b2b9-ac1f6b6435d0,0 23
7e06a844-bada-11e8-b2b9-ac1f6b6435d0,0 25
7e07a618-bad0-11e8-b2b8-ac1f6b6435d0,1
7e0d41b6-bac8-11e8-b2b8-ac1f6b6435d0,23
7e11b076-bac7-11e8-b2b7-ac1f6b6435d0,0 25
7e142980-bad3-11e8-b2b8-ac1f6b6435d0,19
7e164828-bad3-11e8-b2b8-ac1f6b6435d0,20
7e2bcd50-baca-11e8-b2b8-ac1f6b6435d0,0 14
7e37945e-bad5-11e8-b2b9-ac1f6b6435d0,0
7e3b0ba6-bad1-11e8-b2b8-ac1f6b6435d0,0 2 25
7e3b6a04-bace-11e8-b2b8-ac1f6b6435d0,16 23 25
7e4b8508-bacc-11e8-b2b8-ac1f6b6435d0,0 1
7e4dc3e6-bad5-11e8-b2b9-ac1f6b6435d0,0 18 19
7e4f0f74-bacd-11e8-b2b8-ac1f6b6435d0,13
7e5ea31a-baca-11e8-b2b8-ac1f6b6435d0,6 25
7e662f68-baca-11e8-b2b8-ac1f6b6435d0,6 23
7e6bfd3c-bad7-11e8-b2b9-ac1f6b6435d0,0 25
7e6ce76a-bac8-11e8-b2b8-ac1f6b6435d0,4 21
7e78b06a-bacb-11e8-b2b8-ac1f6b6435d0,0 2 21 25
7e8110dc-bad7-11e8-b2b9-ac1f6b6435d0,0 5 25
7e836c22-bad9-11e8-b2b9-ac1f6b6435d0,7 21 25
7e843eba-bad2-11e8-b2b8-ac1f6b6435d0,0 19
7e865b8e-bacb-11e8-b2b8-ac1f6b6435d0,0 25
7e86e606-bad7-11e8-b2b9-ac1f6b6435d0,0 2
7e8a33c0-bad1-11e8-b2b8-ac1f6b6435d0,0 5
7e8e583e-bad0-11e8-b2b8-ac1f6b6435d0,0
7e8f8b7e-bad4-11e8-b2b8-ac1f6b6435d0,0 25
7e8fff3a-bacc-11e8-b2b8-ac1f6b6435d0,0 11 25
7e9d3e22-bac5-11e8-b2b7-ac1f6b6435d0,0 21 25
7ea46c7c-bac7-11e8-b2b7-ac1f6b6435d0,14 16 17 25
7ea55010-bac7-11e8-b2b7-ac1f6b6435d0,7 25
7eaaea20-bac7-11e8-b2b7-ac1f6b6435d0,0 25
7eb4b084-bacf-11e8-b2b8-ac1f6b6435d0,11
7eb71bf2-bad0-11e8-b2b8-ac1f6b6435d0,0 2
7ebb9e74-bac7-11e8-b2b7-ac1f6b6435d0,14 17 25
7ebcaada-bad6-11e8-b2b9-ac1f6b6435d0,0 25
7ecb2aa8-bacf-11e8-b2b8-ac1f6b6435d0,13 21 25
7ed479a8-bad1-11e8-b2b8-ac1f6b6435d0,0 25
7ed92c82-bad6-11e8-b2b9-ac1f6b6435d0,0
7edbab4e-bacf-11e8-b2b8-ac1f6b6435d0,21 25
7edc33a4-bacd-11e8-b2b8-ac1f6b6435d0,11 21
7edd182e-bacc-11e8-b2b8-ac1f6b6435d0,6 23
7ee1a328-bac5-11e8-b2b7-ac1f6b6435d0,17 25
7eea9dfe-bad7-11e8-b2b9-ac1f6b6435d0,6 25
7ef259ba-bac6-11e8-b2b7-ac1f6b6435d0,0 12
7f018d1c-bac7-11e8-b2b7-ac1f6b6435d0,13 25
7f02c582-bacd-11e8-b2b8-ac1f6b6435d0,6 25
7f0e17b4-baca-11e8-b2b8-ac1f6b6435d0,0
7f142aa0-bacf-11e8-b2b8-ac1f6b6435d0,0
7f2464d6-bad1-11e8-b2b8-ac1f6b6435d0,2 25
7f25634e-bad2-11e8-b2b8-ac1f6b6435d0,0 5
7f35fdae-bacc-11e8-b2b8-ac1f6b6435d0,0 25
7f40a3c8-bacf-11e8-b2b8-ac1f6b6435d0,7
7f41e2c6-bac8-11e8-b2b8-ac1f6b6435d0,21
7f44bdbe-bad4-11e8-b2b8-ac1f6b6435d0,0 1 25
7f4f7790-bad9-11e8-b2b9-ac1f6b6435d0,0 21 25
7f583ee4-bace-11e8-b2b8-ac1f6b6435d0,17 18 25
7f5c4832-bac8-11e8-b2b8-ac1f6b6435d0,26
7f746288-bad6-11e8-b2b9-ac1f6b6435d0,2 4 23 25
7f7b0652-bac6-11e8-b2b7-ac1f6b6435d0,0
7f7bcd46-bad8-11e8-b2b9-ac1f6b6435d0,0 5
7f80545a-baca-11e8-b2b8-ac1f6b6435d0,5
7f837e9c-bad3-11e8-b2b8-ac1f6b6435d0,0 1
7fa7c8fe-bad5-11e8-b2b9-ac1f6b6435d0,0 7 25
7faddfd2-bad0-11e8-b2b8-ac1f6b6435d0,14 17 25
7fb0d41a-bac8-11e8-b2b8-ac1f6b6435d0,0 25
7fb133be-bace-11e8-b2b8-ac1f6b6435d0,25
7fb15e92-bad9-11e8-b2b9-ac1f6b6435d0,21
7fcba676-bad9-11e8-b2b9-ac1f6b6435d0,25
7fcd7a60-bace-11e8-b2b8-ac1f6b6435d0,0
7fcf7a3a-bacf-11e8-b2b8-ac1f6b6435d0,0 11
7fcf95d6-bacc-11e8-b2b8-ac1f6b6435d0,0 8 25
7fd69dd2-bad0-11e8-b2b8-ac1f6b6435d0,0 2 25
7fdbe9d6-bac6-11e8-b2b7-ac1f6b6435d0,0 12 25
7fefac5a-bada-11e8-b2b9-ac1f6b6435d0,0 2 25
7ffb7162-bad9-11e8-b2b9-ac1f6b6435d0,18 19
80084820-bac9-11e8-b2b8-ac1f6b6435d0,0
80137eba-bac5-11e8-b2b7-ac1f6b6435d0,3 21 25
8015518c-bad8-11e8-b2b9-ac1f6b6435d0,0 2 5
8018f8b8-bad4-11e8-b2b8-ac1f6b6435d0,0 5
801957ee-bad5-11e8-b2b9-ac1f6b6435d0,7
801e6584-bad2-11e8-b2b8-ac1f6b6435d0,6 25
802435cc-bad7-11e8-b2b9-ac1f6b6435d0,0 2
802faa60-bad7-11e8-b2b9-ac1f6b6435d0,0 1
80377990-bad0-11e8-b2b8-ac1f6b6435d0,25
803a5a94-bacf-11e8-b2b8-ac1f6b6435d0,26
803ba8c0-bad6-11e8-b2b9-ac1f6b6435d0,0 12 23 25
803d3fb4-bad1-11e8-b2b8-ac1f6b6435d0,0 25
803fc6ae-bac6-11e8-b2b7-ac1f6b6435d0,21 25
804d67ae-bacc-11e8-b2b8-ac1f6b6435d0,0
80570660-bad1-11e8-b2b8-ac1f6b6435d0,21
805ba03e-bac8-11e8-b2b8-ac1f6b6435d0,0 7
806d7992-bad4-11e8-b2b8-ac1f6b6435d0,0 5
8072fa24-bac6-11e8-b2b7-ac1f6b6435d0,0 21
8078644c-bac5-11e8-b2b7-ac1f6b6435d0,0 25
807f7cc8-bac5-11e8-b2b7-ac1f6b6435d0,0 1 25
808c368a-bace-11e8-b2b8-ac1f6b6435d0,14
808dbb10-bad1-11e8-b2b8-ac1f6b6435d0,0 22
80929456-bac6-11e8-b2b7-ac1f6b6435d0,0 4
8096dd36-bacb-11e8-b2b8-ac1f6b6435d0,18 19 21 25
80aba230-baca-11e8-b2b8-ac1f6b6435d0,0 14 25
80af923c-bac5-11e8-b2b7-ac1f6b6435d0,0 13
80b37762-bacf-11e8-b2b8-ac1f6b6435d0,0 25
80ba6fcc-bacf-11e8-b2b8-ac1f6b6435d0,24
80bb8a2e-bacf-11e8-b2b8-ac1f6b6435d0,0 25
80bec858-bad7-11e8-b2b9-ac1f6b6435d0,0 2
80c2232a-bad9-11e8-b2b9-ac1f6b6435d0,0 21 25
80c2d1fe-bad8-11e8-b2b9-ac1f6b6435d0,4
80c3b89e-bad3-11e8-b2b8-ac1f6b6435d0,12
80cd02a6-bacd-11e8-b2b8-ac1f6b6435d0,0 7
80cddf5c-bad0-11e8-b2b8-ac1f6b6435d0,4 25
80ce6702-bac5-11e8-b2b7-ac1f6b6435d0,0 21
80ce74be-bac9-11e8-b2b8-ac1f6b6435d0,25
80daea4a-bac5-11e8-b2b7-ac1f6b6435d0,0 2
80db95c0-bad5-11e8-b2b9-ac1f6b6435d0,0 1
80dd6e4a-bad5-11e8-b2b9-ac1f6b6435d0,0 21
80df8eb6-bac9-11e8-b2b8-ac1f6b6435d0,0 3
80e56b32-bac5-11e8-b2b7-ac1f6b6435d0,0
80ed1068-bad8-11e8-b2b9-ac1f6b6435d0,0 23
80f5c3a2-bad3-11e8-b2b8-ac1f6b6435d0,4
80fcef54-bacb-11e8-b2b8-ac1f6b6435d0,0 4 21
8100be56-bace-11e8-b2b8-ac1f6b6435d0,0 18 25
8101bdbe-bad4-11e8-b2b8-ac1f6b6435d0,0 25 26
8104cca4-bad7-11e8-b2b9-ac1f6b6435d0,0 4 25
8105851e-bacc-11e8-b2b8-ac1f6b6435d0,0 21
81086586-bad1-11e8-b2b8-ac1f6b6435d0,1 25
81088eb2-bacc-11e8-b2b8-ac1f6b6435d0,0 7
810ef042-baca-11e8-b2b8-ac1f6b6435d0,0 7 23 25
810fce50-bace-11e8-b2b8-ac1f6b6435d0,26
81144aac-bac9-11e8-b2b8-ac1f6b6435d0,0 25
811497b2-bada-11e8-b2b9-ac1f6b6435d0,18
8119f730-baca-11e8-b2b8-ac1f6b6435d0,0 23 25
811f1b04-bac8-11e8-b2b8-ac1f6b6435d0,0
81340918-bad9-11e8-b2b9-ac1f6b6435d0,0 5
8134ab46-bac7-11e8-b2b7-ac1f6b6435d0,0 5 19
8135d966-bad7-11e8-b2b9-ac1f6b6435d0,0 25 26
8137e632-baca-11e8-b2b8-ac1f6b6435d0,4
813bb904-bacc-11e8-b2b8-ac1f6b6435d0,0 19 25
813f8eb6-bacd-11e8-b2b8-ac1f6b6435d0,0 19
814433c0-bad3-11e8-b2b8-ac1f6b6435d0,0 21
814daaa8-bacf-11e8-b2b8-ac1f6b6435d0,0
814dd5aa-baca-11e8-b2b8-ac1f6b6435d0,0 25 26
814defc2-bac5-11e8-b2b7-ac1f6b6435d0,0 2 25
8155d018-bad2-11e8-b2b8-ac1f6b6435d0,0 1 25
81616a24-bacb-11e8-b2b8-ac1f6b6435d0,2 4
8161d5da-bad1-11e8-b2b8-ac1f6b6435d0,0 21 25
8163f8aa-bacd-11e8-b2b8-ac1f6b6435d0,21 25
8164dab8-bad2-11e8-b2b8-ac1f6b6435d0,0 25
816ae9f0-bad5-11e8-b2b9-ac1f6b6435d0,0 2 23 25
816dbaa2-bad2-11e8-b2b8-ac1f6b6435d0,18 24
817098f6-baca-11e8-b2b8-ac1f6b6435d0,
81757bae-bada-11e8-b2b9-ac1f6b6435d0,4
817d6756-bada-11e8-b2b9-ac1f6b6435d0,4
817d8098-baca-11e8-b2b8-ac1f6b6435d0,0 12
818204ca-bac9-11e8-b2b8-ac1f6b6435d0,0 2 3
818fc3fc-bad4-11e8-b2b8-ac1f6b6435d0,0 7
81934dbe-bacb-11e8-b2b8-ac1f6b6435d0,0 25
819840de-bad1-11e8-b2b8-ac1f6b6435d0,0 1
81993852-bad8-11e8-b2b9-ac1f6b6435d0,0 21 25
81a11cdc-bacb-11e8-b2b8-ac1f6b6435d0,0 23 25
81a4e7ce-bad3-11e8-b2b8-ac1f6b6435d0,0 25
81a68caa-bace-11e8-b2b8-ac1f6b6435d0,0 16 17
81ac08fe-bac6-11e8-b2b7-ac1f6b6435d0,14
81b67c60-bad7-11e8-b2b9-ac1f6b6435d0,18 19
81b7055c-bacf-11e8-b2b8-ac1f6b6435d0,0 21 25
81c47068-bac8-11e8-b2b8-ac1f6b6435d0,0 22
81cc5da8-bad9-11e8-b2b9-ac1f6b6435d0,5 6 25
81d04394-bad1-11e8-b2b8-ac1f6b6435d0,4 12 25
81e0a43e-bad4-11e8-b2b8-ac1f6b6435d0,23
81e570a8-bad5-11e8-b2b9-ac1f6b6435d0,23 25
81f53cc2-bad0-11e8-b2b8-ac1f6b6435d0,0 21
8206f9ca-bac7-11e8-b2b7-ac1f6b6435d0,0 2 7 25
820706ae-bad1-11e8-b2b8-ac1f6b6435d0,21 25
8212cd76-bad7-11e8-b2b9-ac1f6b6435d0,0 25
82277500-bad2-11e8-b2b8-ac1f6b6435d0,5 25
822b0f7c-bad6-11e8-b2b9-ac1f6b6435d0,4
82324bda-bac6-11e8-b2b7-ac1f6b6435d0,0 17 25
8234759a-bad5-11e8-b2b9-ac1f6b6435d0,18 19 25
8239895a-bac5-11e8-b2b7-ac1f6b6435d0,18
823e2e0c-bace-11e8-b2b8-ac1f6b6435d0,0 25
8241a39e-bacd-11e8-b2b8-ac1f6b6435d0,0 18 21 25
8242adea-bad5-11e8-b2b9-ac1f6b6435d0,0 5 21
824562e2-bac6-11e8-b2b7-ac1f6b6435d0,7 23 25
82457b12-bad3-11e8-b2b8-ac1f6b6435d0,0
824a5ef8-bad7-11e8-b2b9-ac1f6b6435d0,0 25 26
8250f548-bad1-11e8-b2b8-ac1f6b6435d0,0
8258e480-bad9-11e8-b2b9-ac1f6b6435d0,5 23
825c63e6-bad7-11e8-b2b9-ac1f6b6435d0,0 21 25
82623f46-bacd-11e8-b2b8-ac1f6b6435d0,0 5
82635314-bacc-11e8-b2b8-ac1f6b6435d0,0 2
826ab63c-bad0-11e8-b2b8-ac1f6b6435d0,23 25
826ac538-baca-11e8-b2b8-ac1f6b6435d0,0
826b36ec-bacc-11e8-b2b8-ac1f6b6435d0,0 25 26
826cf39a-bad8-11e8-b2b9-ac1f6b6435d0,25
82731c26-bad7-11e8-b2b9-ac1f6b6435d0,0 5 7
827a38c4-bac5-11e8-b2b7-ac1f6b6435d0,2 4 21 25
827ca17a-bad1-11e8-b2b8-ac1f6b6435d0,2 21 25
8281cd70-bacd-11e8-b2b8-ac1f6b6435d0,0 21 25
82880ad6-bac9-11e8-b2b8-ac1f6b6435d0,0
8289c5ba-bace-11e8-b2b8-ac1f6b6435d0,0 5
828b7a94-bac5-11e8-b2b7-ac1f6b6435d0,0 11 23
82993294-bad7-11e8-b2b9-ac1f6b6435d0,0 2
829a3050-bac7-11e8-b2b7-ac1f6b6435d0,21
829b0b92-bac7-11e8-b2b7-ac1f6b6435d0,4
829e7fce-bacd-11e8-b2b8-ac1f6b6435d0,0 7 21 25
82b6f6c2-bad1-11e8-b2b8-ac1f6b6435d0,20 25 26
82bf5c04-bad6-11e8-b2b9-ac1f6b6435d0,0 1
82c1d5f6-bacc-11e8-b2b8-ac1f6b6435d0,0 14 19 25
82c58aae-bad9-11e8-b2b9-ac1f6b6435d0,11
82c5dee8-bad2-11e8-b2b8-ac1f6b6435d0,0 18 19
82c650a6-bac5-11e8-b2b7-ac1f6b6435d0,0 23
82c6e3f4-bacf-11e8-b2b8-ac1f6b6435d0,12 21
82dcc1ce-baca-11e8-b2b8-ac1f6b6435d0,4 25
82e21792-bace-11e8-b2b8-ac1f6b6435d0,0 2
82eeb830-bac9-11e8-b2b8-ac1f6b6435d0,11 25
82ef04be-bada-11e8-b2b9-ac1f6b6435d0,0 23
82ffabb6-bad0-11e8-b2b8-ac1f6b6435d0,0
83025928-bad1-11e8-b2b8-ac1f6b6435d0,23 25
8309863c-bacf-11e8-b2b8-ac1f6b6435d0,21 23
8313924e-bad4-11e8-b2b8-ac1f6b6435d0,0 25
83142244-bacb-11e8-b2b8-ac1f6b6435d0,0 5 25
831541ee-bad3-11e8-b2b8-ac1f6b6435d0,7 22
8316d286-bad6-11e8-b2b9-ac1f6b6435d0,2 21
83187de6-bad3-11e8-b2b8-ac1f6b6435d0,13
831b670a-bad7-11e8-b2b9-ac1f6b6435d0,0 6 25
83214a04-bad6-11e8-b2b9-ac1f6b6435d0,11 21
8329f94a-bad8-11e8-b2b9-ac1f6b6435d0,0 25
833655bc-bacb-11e8-b2b8-ac1f6b6435d0,26
833a9ea4-bad2-11e8-b2b8-ac1f6b6435d0,6 25
8341173a-bac7-11e8-b2b7-ac1f6b6435d0,2 4 25
8341d7c6-bacf-11e8-b2b8-ac1f6b6435d0,0 5
8346c20a-bad3-11e8-b2b8-ac1f6b6435d0,2
8347cc3c-bac8-11e8-b2b8-ac1f6b6435d0,21 25
8349bee8-bac8-11e8-b2b8-ac1f6b6435d0,4
834dbc2a-bada-11e8-b2b9-ac1f6b6435d0,0 2 21 25
83509894-bad2-11e8-b2b8-ac1f6b6435d0,13
8351aa08-bad8-11e8-b2b9-ac1f6b6435d0,0 24
83540160-bad6-11e8-b2b9-ac1f6b6435d0,0 7
83594270-bac6-11e8-b2b7-ac1f6b6435d0,0 4 5 12 25
835d0d36-bacd-11e8-b2b8-ac1f6b6435d0,0 1 25
835e71d6-bad1-11e8-b2b8-ac1f6b6435d0,0 4 18 25
835f7a30-bad7-11e8-b2b9-ac1f6b6435d0,2 23 25
8360133e-bac6-11e8-b2b7-ac1f6b6435d0,0 5
83614a12-bace-11e8-b2b8-ac1f6b6435d0,0 21
83682314-bad8-11e8-b2b9-ac1f6b6435d0,4 21
8369e110-bad6-11e8-b2b9-ac1f6b6435d0,0
83706e0a-bac6-11e8-b2b7-ac1f6b6435d0,0 7
837b9792-bac8-11e8-b2b8-ac1f6b6435d0,0 25
8381a0f8-bac6-11e8-b2b7-ac1f6b6435d0,0 2
8383c56e-baca-11e8-b2b8-ac1f6b6435d0,0 25
83850a14-baca-11e8-b2b8-ac1f6b6435d0,5 25
838743d8-baca-11e8-b2b8-ac1f6b6435d0,0 18 25
839dd10a-bacc-11e8-b2b8-ac1f6b6435d0,0 23
83a1ee04-bad4-11e8-b2b8-ac1f6b6435d0,0
83a90e2c-bada-11e8-b2b9-ac1f6b6435d0,0 2 25
83aa1ff6-bad5-11e8-b2b9-ac1f6b6435d0,0 24
83aa9cd2-bacc-11e8-b2b8-ac1f6b6435d0,0 3
83ab0650-bad0-11e8-b2b8-ac1f6b6435d0,0 7 23 25
83b10dd4-bad5-11e8-b2b9-ac1f6b6435d0,25
83b83374-bad6-11e8-b2b9-ac1f6b6435d0,1
83bb9146-bad0-11e8-b2b8-ac1f6b6435d0,3 25
83cdf5bc-bad4-11e8-b2b8-ac1f6b6435d0,0 21
83cf16aa-bac9-11e8-b2b8-ac1f6b6435d0,4 21
83d0fc5a-bad2-11e8-b2b8-ac1f6b6435d0,0 12
83d41002-bacd-11e8-b2b8-ac1f6b6435d0,0 7 11
83dd4a9e-bac5-11e8-b2b7-ac1f6b6435d0,0
83e1526a-baca-11e8-b2b8-ac1f6b6435d0,0 19
83e3051a-bad4-11e8-b2b8-ac1f6b6435d0,0
83e8297c-bacb-11e8-b2b8-ac1f6b6435d0,0 3 25
83f27440-bac6-11e8-b2b7-ac1f6b6435d0,0 4 21 25
8401f148-bacd-11e8-b2b8-ac1f6b6435d0,21
8412e972-bac7-11e8-b2b7-ac1f6b6435d0,0 25
841ae8c8-bad3-11e8-b2b8-ac1f6b6435d0,0 25
841b252c-bad3-11e8-b2b8-ac1f6b6435d0,0 12
841d34ee-bac8-11e8-b2b8-ac1f6b6435d0,0 18 25
8420d1a8-bad2-11e8-b2b8-ac1f6b6435d0,0 3
8421d4ec-bacb-11e8-b2b8-ac1f6b6435d0,0 2 13 22 25
8429d01e-bad2-11e8-b2b8-ac1f6b6435d0,21
842e0c12-bad0-11e8-b2b8-ac1f6b6435d0,6 25
8435debc-bad3-11e8-b2b8-ac1f6b6435d0,11
84418924-bad8-11e8-b2b9-ac1f6b6435d0,2
8441e25c-bad3-11e8-b2b8-ac1f6b6435d0,4 26
8442e1ac-bad8-11e8-b2b9-ac1f6b6435d0,13 22
84551238-bad2-11e8-b2b8-ac1f6b6435d0,0 5
8455a184-bace-11e8-b2b8-ac1f6b6435d0,0 23 25
84586c1c-bad2-11e8-b2b8-ac1f6b6435d0,0
8462a0d6-bad9-11e8-b2b9-ac1f6b6435d0,11
8464006e-bad1-11e8-b2b8-ac1f6b6435d0,0 12
84729e4a-bada-11e8-b2b9-ac1f6b6435d0,1
8472c0e6-bada-11e8-b2b9-ac1f6b6435d0,17 21 25
8477b17a-bad8-11e8-b2b9-ac1f6b6435d0,2 23
8478e286-bac7-11e8-b2b7-ac1f6b6435d0,0 2 7
848c2282-bad7-11e8-b2b9-ac1f6b6435d0,12
848d56c8-bad9-11e8-b2b9-ac1f6b6435d0,0 7
848d9d12-bacb-11e8-b2b8-ac1f6b6435d0,0 21
8494c6f0-bada-11e8-b2b9-ac1f6b6435d0,0 2 21
84952b32-bad9-11e8-b2b9-ac1f6b6435d0,18 19
8497b556-bad3-11e8-b2b8-ac1f6b6435d0,0 2
849b753e-bac8-11e8-b2b8-ac1f6b6435d0,0 12
849ebc4e-bad7-11e8-b2b9-ac1f6b6435d0,0 7 25
84a3fd18-bacc-11e8-b2b8-ac1f6b6435d0,0
84a64988-bad1-11e8-b2b8-ac1f6b6435d0,0 21 25
84aaab1c-bad2-11e8-b2b8-ac1f6b6435d0,0
84ad68ca-bac8-11e8-b2b8-ac1f6b6435d0,16 17
84b63344-bada-11e8-b2b9-ac1f6b6435d0,0 25
84b921ce-bacd-11e8-b2b8-ac1f6b6435d0,0 1
84be015e-bad6-11e8-b2b9-ac1f6b6435d0,0 2 5
84bf9e8a-baca-11e8-b2b8-ac1f6b6435d0,5 25
84c046b4-bad4-11e8-b2b8-ac1f6b6435d0,14
84c413fa-bad1-11e8-b2b8-ac1f6b6435d0,0 7
84ca8928-bad2-11e8-b2b8-ac1f6b6435d0,14 16 17
84cbb2a6-bacf-11e8-b2b8-ac1f6b6435d0,17 25
84da37c0-bad1-11e8-b2b8-ac1f6b6435d0,19
84dba92a-bad1-11e8-b2b8-ac1f6b6435d0,4 25
84df4df6-bad0-11e8-b2b8-ac1f6b6435d0,0 19 25
84e92984-bac6-11e8-b2b7-ac1f6b6435d0,0 25
84ec15fc-bacd-11e8-b2b8-ac1f6b6435d0,0 23
84efb4e6-bac8-11e8-b2b8-ac1f6b6435d0,0 7 21 25
84f781de-bad8-11e8-b2b9-ac1f6b6435d0,11
85046afa-bac6-11e8-b2b7-ac1f6b6435d0,7
851765c4-bacb-11e8-b2b8-ac1f6b6435d0,23
852038f6-bad1-11e8-b2b8-ac1f6b6435d0,0 23
8521a4d2-bac9-11e8-b2b8-ac1f6b6435d0,17 18 25
8527dd06-bac5-11e8-b2b7-ac1f6b6435d0,18
852a3012-bad7-11e8-b2b9-ac1f6b6435d0,0 2
852ad246-bac9-11e8-b2b8-ac1f6b6435d0,0 2
852b80e0-bac6-11e8-b2b7-ac1f6b6435d0,2
852cd802-bac9-11e8-b2b8-ac1f6b6435d0,0 25
8531bb90-bad0-11e8-b2b8-ac1f6b6435d0,0 25
85352d18-bad3-11e8-b2b8-ac1f6b6435d0,0 4 25
8536ab36-bac7-11e8-b2b7-ac1f6b6435d0,14 16 17
853e8608-bacc-11e8-b2b8-ac1f6b6435d0,0 5 25
85403f32-bad3-11e8-b2b8-ac1f6b6435d0,0 25
8540907e-bac7-11e8-b2b7-ac1f6b6435d0,23
8545b862-bacf-11e8-b2b8-ac1f6b6435d0,11
85470bca-bacc-11e8-b2b8-ac1f6b6435d0,0
85506882-bad6-11e8-b2b9-ac1f6b6435d0,24
8554ef22-bace-11e8-b2b8-ac1f6b6435d0,0 21 25
85582d46-bad2-11e8-b2b8-ac1f6b6435d0,3 20 25
856709b4-bad8-11e8-b2b9-ac1f6b6435d0,17 18 25
856f676a-bac6-11e8-b2b7-ac1f6b6435d0,0 7
85739e84-bada-11e8-b2b9-ac1f6b6435d0,0 2 25
85741a18-bac5-11e8-b2b7-ac1f6b6435d0,0 4
857c514c-bad4-11e8-b2b8-ac1f6b6435d0,0 2
858112e4-bad5-11e8-b2b9-ac1f6b6435d0,0 12 25
8589f562-bad5-11e8-b2b9-ac1f6b6435d0,0 25
858b1372-bace-11e8-b2b8-ac1f6b6435d0,21 25
8598f9e8-bac8-11e8-b2b8-ac1f6b6435d0,0 25
859c9f82-bac6-11e8-b2b7-ac1f6b6435d0,0 19
85a09160-bad9-11e8-b2b9-ac1f6b6435d0,0 5
85a9c18e-bad1-11e8-b2b8-ac1f6b6435d0,0 6
85ac4022-bac6-11e8-b2b7-ac1f6b6435d0,0 19
85b25782-bad0-11e8-b2b8-ac1f6b6435d0,0 7 25
85b61bc4-bac6-11e8-b2b7-ac1f6b6435d0,0 2 5 25
85c10184-baca-11e8-b2b8-ac1f6b6435d0,0 2 7 25
85c56d0e-bac6-11e8-b2b7-ac1f6b6435d0,0 2
85c7979e-bacd-11e8-b2b8-ac1f6b6435d0,0
85df11c4-bad4-11e8-b2b8-ac1f6b6435d0,0 3
85ed9cd0-bad9-11e8-b2b9-ac1f6b6435d0,0 2
8616056a-bacc-11e8-b2b8-ac1f6b6435d0,0 7 25
8617f44e-baca-11e8-b2b8-ac1f6b6435d0,0 16
8618bd0a-bad1-11e8-b2b8-ac1f6b6435d0,2
861d8322-bad0-11e8-b2b8-ac1f6b6435d0,0 25
862680fa-bad3-11e8-b2b8-ac1f6b6435d0,0 25
862c81c8-bac7-11e8-b2b7-ac1f6b6435d0,11
8630016e-bacb-11e8-b2b8-ac1f6b6435d0,2 25
8630bab0-baca-11e8-b2b8-ac1f6b6435d0,0 2 5
864201c8-bac8-11e8-b2b8-ac1f6b6435d0,0 14
864264a4-bac5-11e8-b2b7-ac1f6b6435d0,25
8645f470-bac5-11e8-b2b7-ac1f6b6435d0,0 2
86461efe-bad5-11e8-b2b9-ac1f6b6435d0,0 2
864b57fc-bada-11e8-b2b9-ac1f6b6435d0,0
864f2650-bad2-11e8-b2b8-ac1f6b6435d0,2
8654f096-bada-11e8-b2b9-ac1f6b6435d0,4 25
865ba3e4-bac8-11e8-b2b8-ac1f6b6435d0,0 21 25
86611e54-bad8-11e8-b2b9-ac1f6b6435d0,8 25
866e9fe6-bad0-11e8-b2b8-ac1f6b6435d0,0 4 7
8670e1fe-bad8-11e8-b2b9-ac1f6b6435d0,0
867ad4c8-bacb-11e8-b2b8-ac1f6b6435d0,25
86863b5c-baca-11e8-b2b8-ac1f6b6435d0,0 25
8686b6ea-bad4-11e8-b2b8-ac1f6b6435d0,0 2 23 25
8691db6e-bad5-11e8-b2b9-ac1f6b6435d0,0 19
86926bc4-bad0-11e8-b2b8-ac1f6b6435d0,0 2
86947fd2-bac5-11e8-b2b7-ac1f6b6435d0,0 21 25
869a7f8c-bac9-11e8-b2b8-ac1f6b6435d0,0 5
869dc174-bad8-11e8-b2b9-ac1f6b6435d0,0 19
86a42bb8-bace-11e8-b2b8-ac1f6b6435d0,0
86a65434-bad2-11e8-b2b8-ac1f6b6435d0,21 23 25
86aa8aca-bad9-11e8-b2b9-ac1f6b6435d0,0 1
86b331d6-bad2-11e8-b2b8-ac1f6b6435d0,11
86b48ddc-bace-11e8-b2b8-ac1f6b6435d0,0 21 25
86c0db60-bad7-11e8-b2b9-ac1f6b6435d0,0 2
86c164e6-bac7-11e8-b2b7-ac1f6b6435d0,0 26
86cd5a36-bad5-11e8-b2b9-ac1f6b6435d0,0 16 17
86d87ce0-bad0-11e8-b2b8-ac1f6b6435d0,0 23
86dc5d02-bad4-11e8-b2b8-ac1f6b6435d0,0 25
86ef85d0-bac5-11e8-b2b7-ac1f6b6435d0,1
86f3509a-bac8-11e8-b2b8-ac1f6b6435d0,0 25
870029f2-bad0-11e8-b2b8-ac1f6b6435d0,0 21 25
8701f57e-bacc-11e8-b2b8-ac1f6b6435d0,0 25
87117346-bacc-11e8-b2b8-ac1f6b6435d0,1
87168ee4-bad1-11e8-b2b8-ac1f6b6435d0,0 1
871f0e30-bada-11e8-b2b9-ac1f6b6435d0,11
87225f2a-bad2-11e8-b2b8-ac1f6b6435d0,0 22
87293e12-bac8-11e8-b2b8-ac1f6b6435d0,23
872d52ec-bacb-11e8-b2b8-ac1f6b6435d0,2 21 25
87389580-bada-11e8-b2b9-ac1f6b6435d0,0 21 25
8739d302-bad3-11e8-b2b8-ac1f6b6435d0,0 3
873e6726-bad5-11e8-b2b9-ac1f6b6435d0,0 25
87409ba6-bac9-11e8-b2b8-ac1f6b6435d0,19
87429c02-bad4-11e8-b2b8-ac1f6b6435d0,0 7 21 25
87483ae2-bacd-11e8-b2b8-ac1f6b6435d0,2 11
87497d48-bad3-11e8-b2b8-ac1f6b6435d0,0 18 19
874dbfd2-bad5-11e8-b2b9-ac1f6b6435d0,0 4
875187a4-bad3-11e8-b2b8-ac1f6b6435d0,2
87545a90-bad0-11e8-b2b8-ac1f6b6435d0,23
87581662-bac6-11e8-b2b7-ac1f6b6435d0,0 25
875abe8c-bad3-11e8-b2b8-ac1f6b6435d0,0 25
875b2cfa-bace-11e8-b2b8-ac1f6b6435d0,0 2
8760f9f4-bac5-11e8-b2b7-ac1f6b6435d0,0 2 7
8762e090-bacd-11e8-b2b8-ac1f6b6435d0,0 25
87662106-bacd-11e8-b2b8-ac1f6b6435d0,0 25
87671bea-bac5-11e8-b2b7-ac1f6b6435d0,0 2
87765182-bad4-11e8-b2b8-ac1f6b6435d0,1 25
8776f338-bad6-11e8-b2b9-ac1f6b6435d0,0
878cf394-bacd-11e8-b2b8-ac1f6b6435d0,7 25
878e7cb6-bacb-11e8-b2b8-ac1f6b6435d0,0 25
8790987c-bad3-11e8-b2b8-ac1f6b6435d0,0 23
8791863e-bad7-11e8-b2b9-ac1f6b6435d0,0 25
879a4702-bac7-11e8-b2b7-ac1f6b6435d0,21 25
879e2ac0-bac7-11e8-b2b7-ac1f6b6435d0,0 25
879f4b04-bad5-11e8-b2b9-ac1f6b6435d0,0 25
87a038ae-bac9-11e8-b2b8-ac1f6b6435d0,0 1 2
87a5d1ac-bac8-11e8-b2b8-ac1f6b6435d0,0 25
87a84cb2-bad6-11e8-b2b9-ac1f6b6435d0,0 21
87a8a084-bac9-11e8-b2b8-ac1f6b6435d0,7
87ae8434-bad5-11e8-b2b9-ac1f6b6435d0,12 21
87b763d4-bad4-11e8-b2b8-ac1f6b6435d0,2 21 25
87be1cbc-bac8-11e8-b2b8-ac1f6b6435d0,0 25
87c336c8-baca-11e8-b2b8-ac1f6b6435d0,0 5
87c3780c-bac7-11e8-b2b7-ac1f6b6435d0,0 25
87d32a50-bad0-11e8-b2b8-ac1f6b6435d0,0 14
87d47510-bac9-11e8-b2b8-ac1f6b6435d0,25
87df9312-bac6-11e8-b2b7-ac1f6b6435d0,0 2 25
87e0fda4-bacd-11e8-b2b8-ac1f6b6435d0,0 21
87ed7340-bacd-11e8-b2b8-ac1f6b6435d0,16 17
87f0a1fe-bace-11e8-b2b8-ac1f6b6435d0,0 21 25
87f21f2a-bac9-11e8-b2b8-ac1f6b6435d0,7 25
87f34462-baca-11e8-b2b8-ac1f6b6435d0,0 11 23
87f5b820-bacd-11e8-b2b8-ac1f6b6435d0,1 25
87f8f874-bad6-11e8-b2b9-ac1f6b6435d0,17 25
88033970-bad5-11e8-b2b9-ac1f6b6435d0,0 3 22
880f35e8-bac8-11e8-b2b8-ac1f6b6435d0,0 7 23
881d7774-bace-11e8-b2b8-ac1f6b6435d0,0 2 20
881ee918-bac6-11e8-b2b7-ac1f6b6435d0,0 2 25
8822cf92-bac6-11e8-b2b7-ac1f6b6435d0,11 25
8823d9cc-bad6-11e8-b2b9-ac1f6b6435d0,25
882fb73e-bada-11e8-b2b9-ac1f6b6435d0,0 2
8833fa36-bac8-11e8-b2b8-ac1f6b6435d0,0 1 2
883a51a2-bad6-11e8-b2b9-ac1f6b6435d0,2 3 25
883a83a8-bad0-11e8-b2b8-ac1f6b6435d0,0 2 25
883c5ff2-bada-11e8-b2b9-ac1f6b6435d0,0 21 25
883cff48-bad5-11e8-b2b9-ac1f6b6435d0,0 23
88417bea-bacb-11e8-b2b8-ac1f6b6435d0,0 13
884c2096-bad9-11e8-b2b9-ac1f6b6435d0,2 21
88545528-bac9-11e8-b2b8-ac1f6b6435d0,0 7
88558244-bad9-11e8-b2b9-ac1f6b6435d0,0
8856c672-bacf-11e8-b2b8-ac1f6b6435d0,0
8856ee50-bad8-11e8-b2b9-ac1f6b6435d0,23 25
885deffa-bacb-11e8-b2b8-ac1f6b6435d0,24
8867a8fc-bad9-11e8-b2b9-ac1f6b6435d0,23
886add2e-baca-11e8-b2b8-ac1f6b6435d0,21
886ce07e-bad4-11e8-b2b8-ac1f6b6435d0,0 2
886fda8e-bad6-11e8-b2b9-ac1f6b6435d0,0
8874a57e-bada-11e8-b2b9-ac1f6b6435d0,0 7 21 25
8877aa9e-bac6-11e8-b2b7-ac1f6b6435d0,26
8879ba68-bad6-11e8-b2b9-ac1f6b6435d0,0
88850766-bacb-11e8-b2b8-ac1f6b6435d0,21 25
888556b8-bacf-11e8-b2b8-ac1f6b6435d0,0 21 25
8886c414-bad2-11e8-b2b8-ac1f6b6435d0,4 5
8887ac56-bad4-11e8-b2b8-ac1f6b6435d0,0 14 16
888b57f6-bad5-11e8-b2b9-ac1f6b6435d0,0 17 25
88934320-bac7-11e8-b2b7-ac1f6b6435d0,0 2 7 25
8895aab6-bac7-11e8-b2b7-ac1f6b6435d0,0 2
88985ac2-bacc-11e8-b2b8-ac1f6b6435d0,23
88985d0c-bad5-11e8-b2b9-ac1f6b6435d0,0 23
889c17a2-bad1-11e8-b2b8-ac1f6b6435d0,3 25
889c98ac-bad7-11e8-b2b9-ac1f6b6435d0,0 21 25
889ece4a-bacf-11e8-b2b8-ac1f6b6435d0,1 6 25
88ae0a0c-bacc-11e8-b2b8-ac1f6b6435d0,
88b38a80-bac8-11e8-b2b8-ac1f6b6435d0,0 2 16
88ceb74e-bad5-11e8-b2b9-ac1f6b6435d0,7
88d6e196-bad8-11e8-b2b9-ac1f6b6435d0,0 25
88dd69f0-bac7-11e8-b2b7-ac1f6b6435d0,0 2 16 25
88e037f0-bace-11e8-b2b8-ac1f6b6435d0,0 21
88e5903e-bacd-11e8-b2b8-ac1f6b6435d0,0 19 25
88eb1d7e-bad2-11e8-b2b8-ac1f6b6435d0,0 17 25
88f0c6e8-bacd-11e8-b2b8-ac1f6b6435d0,0 25
88f3736e-bad9-11e8-b2b9-ac1f6b6435d0,0 3 5
8902aeea-bacc-11e8-b2b8-ac1f6b6435d0,0 2 19
890dfa32-bace-11e8-b2b8-ac1f6b6435d0,0 25
89153586-bad3-11e8-b2b8-ac1f6b6435d0,3
89187344-bad4-11e8-b2b8-ac1f6b6435d0,0 25
891bf0e8-bacd-11e8-b2b8-ac1f6b6435d0,25
891c0e58-bad1-11e8-b2b8-ac1f6b6435d0,0 12 25
891ff298-bad1-11e8-b2b8-ac1f6b6435d0,3 25
89212bc0-bad8-11e8-b2b9-ac1f6b6435d0,23
8921faf4-bad9-11e8-b2b9-ac1f6b6435d0,0 4 25
8926c25a-baca-11e8-b2b8-ac1f6b6435d0,19
892843e4-bacc-11e8-b2b8-ac1f6b6435d0,0 2 21 25
89372640-bad9-11e8-b2b9-ac1f6b6435d0,0 26
893eb8a4-bad1-11e8-b2b8-ac1f6b6435d0,18 25
893edd98-bacc-11e8-b2b8-ac1f6b6435d0,2 21
894e178c-bad0-11e8-b2b8-ac1f6b6435d0,0 25
895612ae-bac9-11e8-b2b8-ac1f6b6435d0,21 25
8958e8de-bacf-11e8-b2b8-ac1f6b6435d0,21 25
895ad374-bad4-11e8-b2b8-ac1f6b6435d0,0 25
895ba520-bac9-11e8-b2b8-ac1f6b6435d0,0 21
896007d6-bad9-11e8-b2b9-ac1f6b6435d0,14 16
89620ec6-bad6-11e8-b2b9-ac1f6b6435d0,23 25
8966d776-bad6-11e8-b2b9-ac1f6b6435d0,0
896dcf1e-bada-11e8-b2b9-ac1f6b6435d0,6 7 9
89795a38-baca-11e8-b2b8-ac1f6b6435d0,0 19 21
89975d50-bad7-11e8-b2b9-ac1f6b6435d0,13 25
89a157ae-bacf-11e8-b2b8-ac1f6b6435d0,0 23
89a3e4f4-bacc-11e8-b2b8-ac1f6b6435d0,0 5 23
89a8481a-bad5-11e8-b2b9-ac1f6b6435d0,0 2
89a896b0-bac8-11e8-b2b8-ac1f6b6435d0,0 12
89ab0abc-bad7-11e8-b2b9-ac1f6b6435d0,25
89b31fae-bad2-11e8-b2b8-ac1f6b6435d0,0 14 16
89b74536-bacb-11e8-b2b8-ac1f6b6435d0,0 4 25
89b76048-bacb-11e8-b2b8-ac1f6b6435d0,0 25
89b764e6-bace-11e8-b2b8-ac1f6b6435d0,23
89bd55e4-bad4-11e8-b2b8-ac1f6b6435d0,21 22
89bf8702-bad8-11e8-b2b9-ac1f6b6435d0,0 7
89c2f332-bacf-11e8-b2b8-ac1f6b6435d0,0 25
89c8c068-bada-11e8-b2b9-ac1f6b6435d0,0 23
89c9a644-bad6-11e8-b2b9-ac1f6b6435d0,0 2 25
89ccc7d2-bad3-11e8-b2b8-ac1f6b6435d0,25
89cdf9f8-bac5-11e8-b2b7-ac1f6b6435d0,7
89d0f4b8-bada-11e8-b2b9-ac1f6b6435d0,0 23 25
89d12966-bad9-11e8-b2b9-ac1f6b6435d0,0 12
89dc1e50-bacc-11e8-b2b8-ac1f6b6435d0,0 7
89dd07cc-bacf-11e8-b2b8-ac1f6b6435d0,0 16
89e22d4c-bacf-11e8-b2b8-ac1f6b6435d0,0 7
89e50504-bace-11e8-b2b8-ac1f6b6435d0,7
89e54f14-bad3-11e8-b2b8-ac1f6b6435d0,0 25
89e9b928-bac9-11e8-b2b8-ac1f6b6435d0,0 3 25
89eac21c-bac6-11e8-b2b7-ac1f6b6435d0,2
89f8303a-bacd-11e8-b2b8-ac1f6b6435d0,0
89f94266-baca-11e8-b2b8-ac1f6b6435d0,19
89fc4856-bac7-11e8-b2b7-ac1f6b6435d0,0 21 25
8a065524-bad8-11e8-b2b9-ac1f6b6435d0,7
8a16c042-bad5-11e8-b2b9-ac1f6b6435d0,23
8a2ca846-bad3-11e8-b2b8-ac1f6b6435d0,0 25
8a2e1cc6-bad8-11e8-b2b9-ac1f6b6435d0,7 25
8a413d7c-bad0-11e8-b2b8-ac1f6b6435d0,0 21 25
8a4e9b00-bac8-11e8-b2b8-ac1f6b6435d0,0 3
8a5300f2-bada-11e8-b2b9-ac1f6b6435d0,25
8a533940-bac7-11e8-b2b7-ac1f6b6435d0,0 25 26
8a53cb2e-bad3-11e8-b2b8-ac1f6b6435d0,0 7
8a55b06a-bace-11e8-b2b8-ac1f6b6435d0,0 5 21
8a642a08-bac6-11e8-b2b7-ac1f6b6435d0,0
8a64b1d0-bacb-11e8-b2b8-ac1f6b6435d0,4
8a724b66-bac5-11e8-b2b7-ac1f6b6435d0,0 13
8a73e2a8-bacc-11e8-b2b8-ac1f6b6435d0,0 25 26
8a81cf76-bad1-11e8-b2b8-ac1f6b6435d0,0 2 25
8a824a2c-bac8-11e8-b2b8-ac1f6b6435d0,19
8a87a7c4-bacd-11e8-b2b8-ac1f6b6435d0,17
8a99be96-bad7-11e8-b2b9-ac1f6b6435d0,0 21 25
8a9c29aa-bace-11e8-b2b8-ac1f6b6435d0,26
8ab0ea40-bac7-11e8-b2b7-ac1f6b6435d0,0 25
8ab696c2-bac5-11e8-b2b7-ac1f6b6435d0,7 21
8abd34a6-bac9-11e8-b2b8-ac1f6b6435d0,21 25
8ac0d8be-bad2-11e8-b2b8-ac1f6b6435d0,0 23
8acba14e-bad8-11e8-b2b9-ac1f6b6435d0,0 13 22 25
8ad2d1ba-bac6-11e8-b2b7-ac1f6b6435d0,25
8ad6ceac-bad8-11e8-b2b9-ac1f6b6435d0,0 21 24 25
8adc81dc-bad6-11e8-b2b9-ac1f6b6435d0,0 25
8ae32b50-bac6-11e8-b2b7-ac1f6b6435d0,0 7 18
8ae393f6-bad0-11e8-b2b8-ac1f6b6435d0,0 19
8ae5eafe-bac9-11e8-b2b8-ac1f6b6435d0,17 25 26
8ae9c8e8-bad0-11e8-b2b8-ac1f6b6435d0,7
8aeb1b1c-bac6-11e8-b2b7-ac1f6b6435d0,23
8af534ea-baca-11e8-b2b8-ac1f6b6435d0,4
8b0a1cbc-bad3-11e8-b2b8-ac1f6b6435d0,0 25
8b1e4d26-bac5-11e8-b2b7-ac1f6b6435d0,0 7 11 25
8b27e526-bad3-11e8-b2b8-ac1f6b6435d0,0 25
8b358064-bac9-11e8-b2b8-ac1f6b6435d0,0
8b37dad0-bac9-11e8-b2b8-ac1f6b6435d0,0 25
8b399120-bacb-11e8-b2b8-ac1f6b6435d0,4 25
8b3d71bc-bad7-11e8-b2b9-ac1f6b6435d0,21 25
8b4004da-bad8-11e8-b2b9-ac1f6b6435d0,7 25
8b4d54ac-bad6-11e8-b2b9-ac1f6b6435d0,0 5
8b4d6f96-bac7-11e8-b2b7-ac1f6b6435d0,0 2 14 25
8b4dd6b4-bad8-11e8-b2b9-ac1f6b6435d0,0
8b4ef6e4-bad7-11e8-b2b9-ac1f6b6435d0,0 1 25
8b556d7a-bace-11e8-b2b8-ac1f6b6435d0,0 19
8b57f6d4-baca-11e8-b2b8-ac1f6b6435d0,0 25
8b5a654e-bad0-11e8-b2b8-ac1f6b6435d0,0 1 5 25
8b5c0f8e-bad0-11e8-b2b8-ac1f6b6435d0,0 2
8b64303e-bac5-11e8-b2b7-ac1f6b6435d0,25
8b6592c8-bac8-11e8-b2b8-ac1f6b6435d0,4 25
8b66baa8-bace-11e8-b2b8-ac1f6b6435d0,0 26
8b6e1f72-bad9-11e8-b2b9-ac1f6b6435d0,4
8b70fbea-bad2-11e8-b2b8-ac1f6b6435d0,2 23 25
8b71e21e-bad5-11e8-b2b9-ac1f6b6435d0,0 14
8b80f84c-bad2-11e8-b2b8-ac1f6b6435d0,0 2 19 21
8b96ada2-bacf-11e8-b2b8-ac1f6b6435d0,0 2 25
8ba0da8a-bac9-11e8-b2b8-ac1f6b6435d0,0 25
8ba13666-bad2-11e8-b2b8-ac1f6b6435d0,0 15
8ba1a3ce-bad9-11e8-b2b9-ac1f6b6435d0,0 18
8ba99e08-bacf-11e8-b2b8-ac1f6b6435d0,0 21 25
8babda1a-bad9-11e8-b2b9-ac1f6b6435d0,0 22
8bad4012-bad4-11e8-b2b8-ac1f6b6435d0,25
8bae20e0-bac5-11e8-b2b7-ac1f6b6435d0,0 25
8baebf32-bacf-11e8-b2b8-ac1f6b6435d0,0 26
8bbac8cc-bad9-11e8-b2b9-ac1f6b6435d0,21 23 25
8bbad424-bad0-11e8-b2b8-ac1f6b6435d0,7 23
8bc8c804-bacb-11e8-b2b8-ac1f6b6435d0,25
8bd954da-bada-11e8-b2b9-ac1f6b6435d0,0 2 25
8bdb687a-bac5-11e8-b2b7-ac1f6b6435d0,0 25
8bebe8d8-bacc-11e8-b2b8-ac1f6b6435d0,0 14 21 25
8bec4b6a-bad2-11e8-b2b8-ac1f6b6435d0,23 26
8bec76aa-bacb-11e8-b2b8-ac1f6b6435d0,0
8bec86b8-bad5-11e8-b2b9-ac1f6b6435d0,0 21 25
8bf0d800-bace-11e8-b2b8-ac1f6b6435d0,0 2
8bf3edc0-bad2-11e8-b2b8-ac1f6b6435d0,0 23
8bf3f5ae-bad7-11e8-b2b9-ac1f6b6435d0,0
8bfb90b4-baca-11e8-b2b8-ac1f6b6435d0,0 14
8bfbb0b4-bad7-11e8-b2b9-ac1f6b6435d0,0 25
8bfd2242-bad1-11e8-b2b8-ac1f6b6435d0,0 5 25
8bfdf182-bada-11e8-b2b9-ac1f6b6435d0,0 7
8bfe8454-baca-11e8-b2b8-ac1f6b6435d0,0 19 25
8c1b403e-bacb-11e8-b2b8-ac1f6b6435d0,0 18 25
8c1b415c-bacf-11e8-b2b8-ac1f6b6435d0,0
8c1e121c-bad2-11e8-b2b8-ac1f6b6435d0,24
8c20eda6-bad3-11e8-b2b8-ac1f6b6435d0,23 25
8c257136-bad9-11e8-b2b9-ac1f6b6435d0,0 17 18 25
8c29e0e8-bacc-11e8-b2b8-ac1f6b6435d0,0 3
8c2c25b0-bacc-11e8-b2b8-ac1f6b6435d0,4
8c2ea744-bad7-11e8-b2b9-ac1f6b6435d0,6 25
8c31edbe-bad2-11e8-b2b8-ac1f6b6435d0,7 25
8c4e415c-bac9-11e8-b2b8-ac1f6b6435d0,11
8c526f8e-bac9-11e8-b2b8-ac1f6b6435d0,11
8c527b04-bad4-11e8-b2b8-ac1f6b6435d0,0 26
8c5443e8-bac6-11e8-b2b7-ac1f6b6435d0,0 23
8c550bf0-bac8-11e8-b2b8-ac1f6b6435d0,0 21 22 25
8c5d494c-bad6-11e8-b2b9-ac1f6b6435d0,0 2
8c6242cc-bada-11e8-b2b9-ac1f6b6435d0,5
8c643e2a-bad9-11e8-b2b9-ac1f6b6435d0,7 25
8c65ee3a-bad6-11e8-b2b9-ac1f6b6435d0,1
8c696e26-bada-11e8-b2b9-ac1f6b6435d0,4 25
8c6f84e2-baca-11e8-b2b8-ac1f6b6435d0,5 26
8c74dd28-bad1-11e8-b2b8-ac1f6b6435d0,0 25
8c7f4d50-baca-11e8-b2b8-ac1f6b6435d0,23
8c821088-bad6-11e8-b2b9-ac1f6b6435d0,14
8c8583b0-bad8-11e8-b2b9-ac1f6b6435d0,0 17 18 25
8c8a2b1c-bad4-11e8-b2b8-ac1f6b6435d0,0 25
8c8fc30e-bac7-11e8-b2b7-ac1f6b6435d0,3
8c902120-bad9-11e8-b2b9-ac1f6b6435d0,0 2
8c9036ca-bad8-11e8-b2b9-ac1f6b6435d0,23
8c91f212-bace-11e8-b2b8-ac1f6b6435d0,0 4 21 25
8c934806-bac9-11e8-b2b8-ac1f6b6435d0,21 25
8ca637f8-bad4-11e8-b2b8-ac1f6b6435d0,4
8cb2f420-bad4-11e8-b2b8-ac1f6b6435d0,0
8cbb27a0-bac8-11e8-b2b8-ac1f6b6435d0,0 23
8ccdb2ec-bacf-11e8-b2b8-ac1f6b6435d0,21
8cd6fcdc-bad2-11e8-b2b8-ac1f6b6435d0,0 7
8cd81032-bacc-11e8-b2b8-ac1f6b6435d0,0 12 21 25
8cdceaac-bad7-11e8-b2b9-ac1f6b6435d0,11
8ce8a158-bac8-11e8-b2b8-ac1f6b6435d0,26
8cf4394c-bad6-11e8-b2b9-ac1f6b6435d0,0 2
8cf81404-bac7-11e8-b2b7-ac1f6b6435d0,0 12
8cfc06d6-bacc-11e8-b2b8-ac1f6b6435d0,0 18 21 25
8cfeb68e-bacb-11e8-b2b8-ac1f6b6435d0,13
8d0411fa-bad6-11e8-b2b9-ac1f6b6435d0,3
8d08b292-bada-11e8-b2b9-ac1f6b6435d0,0 7
8d12cbb2-bac9-11e8-b2b8-ac1f6b6435d0,0 23 25
8d157068-bada-11e8-b2b9-ac1f6b6435d0,0 25
8d18350c-bace-11e8-b2b8-ac1f6b6435d0,21
8d19ae12-bacb-11e8-b2b8-ac1f6b6435d0,0 2
8d1ed362-bad3-11e8-b2b8-ac1f6b6435d0,2 5
8d276c04-bac7-11e8-b2b7-ac1f6b6435d0,0 21 25
8d2874a0-bad1-11e8-b2b8-ac1f6b6435d0,0 5 22
8d2a86cc-bacd-11e8-b2b8-ac1f6b6435d0,0 7 25
8d2ca3b2-bad2-11e8-b2b8-ac1f6b6435d0,14
8d2d1adc-bacc-11e8-b2b8-ac1f6b6435d0,6 25
8d2dde50-bacb-11e8-b2b8-ac1f6b6435d0,0 7
8d2ff3de-bada-11e8-b2b9-ac1f6b6435d0,
8d3007e4-baca-11e8-b2b8-ac1f6b6435d0,0 25
8d34a8f6-bad6-11e8-b2b9-ac1f6b6435d0,0 21 25
8d480f08-bad7-11e8-b2b9-ac1f6b6435d0,25
8d4a9cec-bac7-11e8-b2b7-ac1f6b6435d0,23
8d4b3870-bacf-11e8-b2b8-ac1f6b6435d0,0 14 16
8d56afda-bad8-11e8-b2b9-ac1f6b6435d0,0
8d5c2b74-bad6-11e8-b2b9-ac1f6b6435d0,0 7 25
8d5de5ec-bacf-11e8-b2b8-ac1f6b6435d0,2 21 25
8d686728-bacb-11e8-b2b8-ac1f6b6435d0,0 12
8d6ac602-bac7-11e8-b2b7-ac1f6b6435d0,0 25
8d6d74c2-bad8-11e8-b2b9-ac1f6b6435d0,0 1 25
8d6db744-bacd-11e8-b2b8-ac1f6b6435d0,2 5
8d6f5680-bacd-11e8-b2b8-ac1f6b6435d0,0 19
8d6f6094-bac8-11e8-b2b8-ac1f6b6435d0,0 17 18 21 25
8d76afe4-bacc-11e8-b2b8-ac1f6b6435d0,0 20
8d7a6314-bad1-11e8-b2b8-ac1f6b6435d0,0 2 23
8d80451a-bacf-11e8-b2b8-ac1f6b6435d0,11
8d85e524-bad4-11e8-b2b8-ac1f6b6435d0,0 25
8d88b908-bad3-11e8-b2b8-ac1f6b6435d0,0
8d92cfde-bacd-11e8-b2b8-ac1f6b6435d0,0 25
8d931798-bada-11e8-b2b9-ac1f6b6435d0,0 4
8d960fea-bad3-11e8-b2b8-ac1f6b6435d0,0 25
8da84cc0-bacc-11e8-b2b8-ac1f6b6435d0,0 25
8daae184-bad0-11e8-b2b8-ac1f6b6435d0,21 22 25
8dacad0c-bad5-11e8-b2b9-ac1f6b6435d0,0 21
8daedaa4-bad6-11e8-b2b9-ac1f6b6435d0,12
8dbf7d20-bad4-11e8-b2b8-ac1f6b6435d0,0 25
8dc30cc8-bac6-11e8-b2b7-ac1f6b6435d0,7 21 25
8dc50c4a-bad9-11e8-b2b9-ac1f6b6435d0,0 2 5
8dcee7ba-bad4-11e8-b2b8-ac1f6b6435d0,0 2 21
8dd19ca8-bacf-11e8-b2b8-ac1f6b6435d0,0 16 25
8dd1cafa-bacc-11e8-b2b8-ac1f6b6435d0,0 21
8ddd6736-bad9-11e8-b2b9-ac1f6b6435d0,25
8de00902-bad7-11e8-b2b9-ac1f6b6435d0,22 25
8de0d5ea-bac7-11e8-b2b7-ac1f6b6435d0,2 14
8de39978-bac8-11e8-b2b8-ac1f6b6435d0,0 2 4
8de59ace-bac9-11e8-b2b8-ac1f6b6435d0,0 19
8de5a5fe-bacf-11e8-b2b8-ac1f6b6435d0,0 18 25
8df51652-bace-11e8-b2b8-ac1f6b6435d0,0 7 25
8df84660-bad8-11e8-b2b9-ac1f6b6435d0,24
8df9461e-bad3-11e8-b2b8-ac1f6b6435d0,0 5
8dfdb4b8-bac6-11e8-b2b7-ac1f6b6435d0,0 21 25
8e0098c8-baca-11e8-b2b8-ac1f6b6435d0,23 25
8e079d1c-bad4-11e8-b2b8-ac1f6b6435d0,0 21
8e0a884e-bacd-11e8-b2b8-ac1f6b6435d0,0 25
8e0c0f18-bad0-11e8-b2b8-ac1f6b6435d0,25
8e12403c-baca-11e8-b2b8-ac1f6b6435d0,0
8e12d84a-bac9-11e8-b2b8-ac1f6b6435d0,0 1 25
8e13e0fa-bad3-11e8-b2b8-ac1f6b6435d0,0 25
8e1540fc-baca-11e8-b2b8-ac1f6b6435d0,0 23
8e1fd81a-bace-11e8-b2b8-ac1f6b6435d0,19
8e233686-bad3-11e8-b2b8-ac1f6b6435d0,19
8e241b26-bad5-11e8-b2b9-ac1f6b6435d0,7 25
8e2647d0-baca-11e8-b2b8-ac1f6b6435d0,19 23
8e2a02ce-bac7-11e8-b2b7-ac1f6b6435d0,2 25
8e395a7c-bad5-11e8-b2b9-ac1f6b6435d0,6 25
8e39c152-bacf-11e8-b2b8-ac1f6b6435d0,0 7 25
8e3ec98a-bad0-11e8-b2b8-ac1f6b6435d0,0 2
8e4d50fa-bac5-11e8-b2b7-ac1f6b6435d0,0 3
8e5b8c94-bad7-11e8-b2b9-ac1f6b6435d0,0
8e67bffe-bace-11e8-b2b8-ac1f6b6435d0,0 7
8e6af556-bad9-11e8-b2b9-ac1f6b6435d0,0 19
8e6c1104-bac8-11e8-b2b8-ac1f6b6435d0,0 2
8e6f091c-bac9-11e8-b2b8-ac1f6b6435d0,0 25
8e71f02c-bad9-11e8-b2b9-ac1f6b6435d0,0 25
8e92acd4-bad6-11e8-b2b9-ac1f6b6435d0,14
8e94db14-baca-11e8-b2b8-ac1f6b6435d0,0 1
8e973e12-bac6-11e8-b2b7-ac1f6b6435d0,5
8e99db32-bad4-11e8-b2b8-ac1f6b6435d0,21 25
8eae99c6-bacc-11e8-b2b8-ac1f6b6435d0,0 3 23
8eb1e2b2-bad5-11e8-b2b9-ac1f6b6435d0,5
8ebb60e4-bad0-11e8-b2b8-ac1f6b6435d0,0 25
8ebfe390-bad9-11e8-b2b9-ac1f6b6435d0,23
8ec07a52-bad0-11e8-b2b8-ac1f6b6435d0,0 11 24
8ec1adda-bac8-11e8-b2b8-ac1f6b6435d0,0 2 7
8ecee6c6-bad2-11e8-b2b8-ac1f6b6435d0,11
8ed403e8-bad9-11e8-b2b9-ac1f6b6435d0,0 13
8edaccd6-bac6-11e8-b2b7-ac1f6b6435d0,0
8ee3524e-bad4-11e8-b2b8-ac1f6b6435d0,3 25
8ee6d772-bad2-11e8-b2b8-ac1f6b6435d0,7
8ee7e444-bad4-11e8-b2b8-ac1f6b6435d0,18
8ee9017c-bad8-11e8-b2b9-ac1f6b6435d0,4 23
8eeb12a2-bad1-11e8-b2b8-ac1f6b6435d0,0 25
8eef2cb8-bad9-11e8-b2b9-ac1f6b6435d0,0 2
8eef369e-bada-11e8-b2b9-ac1f6b6435d0,0 25
8ef5fefc-bad5-11e8-b2b9-ac1f6b6435d0,0 14 25
8ef6f48e-baca-11e8-b2b8-ac1f6b6435d0,0 25
8f04da22-bad9-11e8-b2b9-ac1f6b6435d0,2 25
8f0666da-bad9-11e8-b2b9-ac1f6b6435d0,21 25
8f0d889c-bac6-11e8-b2b7-ac1f6b6435d0,0 20 23
8f15fdba-bac6-11e8-b2b7-ac1f6b6435d0,0 1 25
8f1dfe82-bad7-11e8-b2b9-ac1f6b6435d0,0 2 16 17 18 25
8f257b9c-bacf-11e8-b2b8-ac1f6b6435d0,0 21
8f2618ba-bacd-11e8-b2b8-ac1f6b6435d0,23
8f2821f8-bac5-11e8-b2b7-ac1f6b6435d0,0 21
8f285512-bad2-11e8-b2b8-ac1f6b6435d0,25
8f2b2b5c-bad7-11e8-b2b9-ac1f6b6435d0,0
8f3720ee-bac6-11e8-b2b7-ac1f6b6435d0,21
8f398d0e-bad8-11e8-b2b9-ac1f6b6435d0,0 5 25
8f3f2cf2-bad6-11e8-b2b9-ac1f6b6435d0,1 19
8f4249fa-bacc-11e8-b2b8-ac1f6b6435d0,0 23
8f42ff92-bace-11e8-b2b8-ac1f6b6435d0,4
8f43bb3e-bac5-11e8-b2b7-ac1f6b6435d0,3
8f4aac2a-bad7-11e8-b2b9-ac1f6b6435d0,0
8f4c47cc-bad9-11e8-b2b9-ac1f6b6435d0,0 1 7 25
8f51946c-bac9-11e8-b2b8-ac1f6b6435d0,21 25
8f5268aa-bad4-11e8-b2b8-ac1f6b6435d0,3
8f53f4e6-bac9-11e8-b2b8-ac1f6b6435d0,0 25
8f66e584-bad7-11e8-b2b9-ac1f6b6435d0,2 23
8f759aba-bac9-11e8-b2b8-ac1f6b6435d0,0 19 23
8f785d88-bad6-11e8-b2b9-ac1f6b6435d0,0 18 25
8f796ede-bac8-11e8-b2b8-ac1f6b6435d0,0 23
8f83464c-bace-11e8-b2b8-ac1f6b6435d0,0 25
8f851cd4-bad7-11e8-b2b9-ac1f6b6435d0,0 17 25
8f88120e-bad2-11e8-b2b8-ac1f6b6435d0,0 7 21
8f8851b6-bad6-11e8-b2b9-ac1f6b6435d0,3
8f8c19a6-bacf-11e8-b2b8-ac1f6b6435d0,0
8f8cf32c-bac9-11e8-b2b8-ac1f6b6435d0,0 21 25
8f9144c6-bad9-11e8-b2b9-ac1f6b6435d0,25
8f949778-bac7-11e8-b2b7-ac1f6b6435d0,14
8f9a65ee-bacd-11e8-b2b8-ac1f6b6435d0,18 19 25
8fa0e852-bad1-11e8-b2b8-ac1f6b6435d0,0 25
8fa1eafa-bacb-11e8-b2b8-ac1f6b6435d0,0 2 5
8fa50634-bac8-11e8-b2b8-ac1f6b6435d0,13
8fad8348-bac5-11e8-b2b7-ac1f6b6435d0,0 25 26
8fad9e30-bad6-11e8-b2b9-ac1f6b6435d0,0
8fb0c070-bad0-11e8-b2b8-ac1f6b6435d0,0 19
8fb0c9a6-bac8-11e8-b2b8-ac1f6b6435d0,0 18
8fb163ca-bad7-11e8-b2b9-ac1f6b6435d0,0
8fb63418-bacd-11e8-b2b8-ac1f6b6435d0,25
8fbe793e-bad2-11e8-b2b8-ac1f6b6435d0,0 25
8fbe7cb4-bacc-11e8-b2b8-ac1f6b6435d0,0 25
8fc01ec4-bac8-11e8-b2b8-ac1f6b6435d0,5 25
8fc5e0e0-bada-11e8-b2b9-ac1f6b6435d0,25
8fcddea2-bacc-11e8-b2b8-ac1f6b6435d0,7
8fcfcca4-bada-11e8-b2b9-ac1f6b6435d0,0 25
8fd8abf8-bad5-11e8-b2b9-ac1f6b6435d0,0 25 26
8fdd7c62-bad2-11e8-b2b8-ac1f6b6435d0,0 1 25
8fe5790a-bada-11e8-b2b9-ac1f6b6435d0,0
8ffb42ca-bad1-11e8-b2b8-ac1f6b6435d0,21
9001de70-bac5-11e8-b2b7-ac1f6b6435d0,11
900280f4-bacb-11e8-b2b8-ac1f6b6435d0,0 2 21
90039908-bad0-11e8-b2b8-ac1f6b6435d0,2
900b24d4-bac6-11e8-b2b7-ac1f6b6435d0,0 20
90110500-bad7-11e8-b2b9-ac1f6b6435d0,2
901a2736-bac6-11e8-b2b7-ac1f6b6435d0,0 2
901e395c-bada-11e8-b2b9-ac1f6b6435d0,0 2
902befde-bac6-11e8-b2b7-ac1f6b6435d0,0 7
902de448-bac5-11e8-b2b7-ac1f6b6435d0,0 22
902f74a2-baca-11e8-b2b8-ac1f6b6435d0,0 21
9030e790-bac7-11e8-b2b7-ac1f6b6435d0,25
9032e80e-bad3-11e8-b2b8-ac1f6b6435d0,0 23
904ba72c-bad8-11e8-b2b9-ac1f6b6435d0,0 25
904ffa44-bacd-11e8-b2b8-ac1f6b6435d0,0 2
90538936-bad0-11e8-b2b8-ac1f6b6435d0,23
90607812-bacb-11e8-b2b8-ac1f6b6435d0,0 2 25
90629298-bac9-11e8-b2b8-ac1f6b6435d0,7 25
906929e8-bac7-11e8-b2b7-ac1f6b6435d0,0 24 25
906c777c-bace-11e8-b2b8-ac1f6b6435d0,0 13 21 22
9071ca1e-baca-11e8-b2b8-ac1f6b6435d0,4
90753496-bacb-11e8-b2b8-ac1f6b6435d0,0 2 7
90892dfe-bace-11e8-b2b8-ac1f6b6435d0,0 25
90939030-bad5-11e8-b2b9-ac1f6b6435d0,0 25
90963726-bacc-11e8-b2b8-ac1f6b6435d0,14 17 25
909c5f5a-bac9-11e8-b2b8-ac1f6b6435d0,0 25
90b07f1a-bacb-11e8-b2b8-ac1f6b6435d0,2 11
90b346f2-bace-11e8-b2b8-ac1f6b6435d0,22
90c2f56c-bad2-11e8-b2b8-ac1f6b6435d0,
90c328ec-bad8-11e8-b2b9-ac1f6b6435d0,21 25
90c7f510-bac5-11e8-b2b7-ac1f6b6435d0,7 23
90ce3094-bad2-11e8-b2b8-ac1f6b6435d0,25
90d3378e-bad1-11e8-b2b8-ac1f6b6435d0,0 21 25
90d8eba8-bac6-11e8-b2b7-ac1f6b6435d0,0 22 25
90da9e5e-bacf-11e8-b2b8-ac1f6b6435d0,0 21 25
90dc9e90-bac8-11e8-b2b8-ac1f6b6435d0,0 7
90e39706-bad5-11e8-b2b9-ac1f6b6435d0,0 2 23 25
90f702e4-bad7-11e8-b2b9-ac1f6b6435d0,14
90f90a32-bac6-11e8-b2b7-ac1f6b6435d0,23 25
90f960a6-bad3-11e8-b2b8-ac1f6b6435d0,22
90faca6e-bad2-11e8-b2b8-ac1f6b6435d0,0 25
9103658c-bac5-11e8-b2b7-ac1f6b6435d0,0 23 26
910c8368-bad1-11e8-b2b8-ac1f6b6435d0,0 2
910d89d6-bad9-11e8-b2b9-ac1f6b6435d0,18 19
91120e88-bada-11e8-b2b9-ac1f6b6435d0,21 25
911edb6a-bad3-11e8-b2b8-ac1f6b6435d0,0
91271db6-bad3-11e8-b2b8-ac1f6b6435d0,4 25
912a223c-bacd-11e8-b2b8-ac1f6b6435d0,21 25
9135ee1a-bacc-11e8-b2b8-ac1f6b6435d0,0 25
9137def0-bad6-11e8-b2b9-ac1f6b6435d0,0 2 25
9138238a-bad4-11e8-b2b8-ac1f6b6435d0,0 25
913a1114-bad8-11e8-b2b9-ac1f6b6435d0,0 23
913c1322-bac6-11e8-b2b7-ac1f6b6435d0,0 1
913d252e-bacf-11e8-b2b8-ac1f6b6435d0,0 16
913fab36-bac6-11e8-b2b7-ac1f6b6435d0,11 25
9145dfc0-bac5-11e8-b2b7-ac1f6b6435d0,21
914c75f0-bac6-11e8-b2b7-ac1f6b6435d0,0
914cabde-bad4-11e8-b2b8-ac1f6b6435d0,4
91543f38-bad0-11e8-b2b8-ac1f6b6435d0,0 7 25
915c68fc-bad0-11e8-b2b8-ac1f6b6435d0,0 21 25
91605cec-baca-11e8-b2b8-ac1f6b6435d0,0 25
9171028c-bad3-11e8-b2b8-ac1f6b6435d0,0 2
91723844-bad5-11e8-b2b9-ac1f6b6435d0,11
9174bc9a-bad5-11e8-b2b9-ac1f6b6435d0,0 13 22 25
9175316a-bac7-11e8-b2b7-ac1f6b6435d0,25
917de866-bacf-11e8-b2b8-ac1f6b6435d0,0 1 25
918a131a-bacb-11e8-b2b8-ac1f6b6435d0,0 25
918ad204-bac7-11e8-b2b7-ac1f6b6435d0,24 26
918cda6c-bac8-11e8-b2b8-ac1f6b6435d0,0 21 25
918ce924-baca-11e8-b2b8-ac1f6b6435d0,0 2 11
9191b6f2-baca-11e8-b2b8-ac1f6b6435d0,21 25
919b0b74-bacc-11e8-b2b8-ac1f6b6435d0,0
919c2bee-bad1-11e8-b2b8-ac1f6b6435d0,25
91a1573e-bac9-11e8-b2b8-ac1f6b6435d0,4
91afd42c-bacd-11e8-b2b8-ac1f6b6435d0,0 5 25
91b6304c-bac8-11e8-b2b8-ac1f6b6435d0,0 3 25
91b91ee4-bad5-11e8-b2b9-ac1f6b6435d0,0 2 25
91c97532-bad5-11e8-b2b9-ac1f6b6435d0,0 5
91cad3ba-baca-11e8-b2b8-ac1f6b6435d0,0 25
91d95df0-bace-11e8-b2b8-ac1f6b6435d0,23
91e08c24-bac9-11e8-b2b8-ac1f6b6435d0,0 2 25
91e27d4c-bac7-11e8-b2b7-ac1f6b6435d0,19
91e78b7c-baca-11e8-b2b8-ac1f6b6435d0,0 7 12
91ea2056-bad1-11e8-b2b8-ac1f6b6435d0,0 17 21 25
91ebdcc2-bac5-11e8-b2b7-ac1f6b6435d0,0 25
91f1c632-bac5-11e8-b2b7-ac1f6b6435d0,4 25
91f2aa8a-bad8-11e8-b2b9-ac1f6b6435d0,0 21 25
9200be24-bac7-11e8-b2b7-ac1f6b6435d0,0 18 19 25
9200f7a4-bad1-11e8-b2b8-ac1f6b6435d0,23
9213ed9c-bad0-11e8-b2b8-ac1f6b6435d0,
92154068-bad3-11e8-b2b8-ac1f6b6435d0,21
92184282-bad2-11e8-b2b8-ac1f6b6435d0,1
9220ea46-bacc-11e8-b2b8-ac1f6b6435d0,7 25
9221074e-bad4-11e8-b2b8-ac1f6b6435d0,13
92268406-bac7-11e8-b2b7-ac1f6b6435d0,0 2 26
92298324-bacf-11e8-b2b8-ac1f6b6435d0,0 7 25
923006de-bad1-11e8-b2b8-ac1f6b6435d0,0 23
9238c008-bad1-11e8-b2b8-ac1f6b6435d0,0 13
923a81f6-bad4-11e8-b2b8-ac1f6b6435d0,26
92414490-bada-11e8-b2b9-ac1f6b6435d0,18 21
924201d0-bacd-11e8-b2b8-ac1f6b6435d0,0
924d8e12-bad0-11e8-b2b8-ac1f6b6435d0,26
924e1dd0-bac8-11e8-b2b8-ac1f6b6435d0,0
92529596-bad1-11e8-b2b8-ac1f6b6435d0,0 25
92772494-bac5-11e8-b2b7-ac1f6b6435d0,0
927c4c28-bac8-11e8-b2b8-ac1f6b6435d0,0 14 21 25
9289947a-bad0-11e8-b2b8-ac1f6b6435d0,0
9289db12-bace-11e8-b2b8-ac1f6b6435d0,0 2 25
928a3cc0-bacd-11e8-b2b8-ac1f6b6435d0,0 2 25
928c83dc-bad1-11e8-b2b8-ac1f6b6435d0,0
928ef3d0-bad4-11e8-b2b8-ac1f6b6435d0,6 25
928fb1bc-bac5-11e8-b2b7-ac1f6b6435d0,0 7 25
929597c4-bacc-11e8-b2b8-ac1f6b6435d0,0 2 4
929c5bde-bad3-11e8-b2b8-ac1f6b6435d0,0 21
929caa3c-bad6-11e8-b2b9-ac1f6b6435d0,21 22 25
92a023ca-bad5-11e8-b2b9-ac1f6b6435d0,21
92a03f8c-baca-11e8-b2b8-ac1f6b6435d0,26
92a27d1e-bad5-11e8-b2b9-ac1f6b6435d0,0 5
92ba896c-bac7-11e8-b2b7-ac1f6b6435d0,23
92bb38f4-bad5-11e8-b2b9-ac1f6b6435d0,6
92bc1472-bad5-11e8-b2b9-ac1f6b6435d0,0 7
92bfa116-bad8-11e8-b2b9-ac1f6b6435d0,23
92c7e608-bad5-11e8-b2b9-ac1f6b6435d0,21 25
92cc7820-bad6-11e8-b2b9-ac1f6b6435d0,25
92ef5a66-bad6-11e8-b2b9-ac1f6b6435d0,1
92f4b710-baca-11e8-b2b8-ac1f6b6435d0,5
92f6a69a-bad6-11e8-b2b9-ac1f6b6435d0,0 5 25
92f850c6-bad6-11e8-b2b9-ac1f6b6435d0,0 12
92fb6844-bacf-11e8-b2b8-ac1f6b6435d0,0 21 25
92fbeeb6-bac7-11e8-b2b7-ac1f6b6435d0,21 25
930451c4-bacb-11e8-b2b8-ac1f6b6435d0,12 21
9306d998-bad1-11e8-b2b8-ac1f6b6435d0,25
9312e7da-bac5-11e8-b2b7-ac1f6b6435d0,18 19
93162418-bacf-11e8-b2b8-ac1f6b6435d0,0
931aebba-bad4-11e8-b2b8-ac1f6b6435d0,0 21 25
93215ca4-bacd-11e8-b2b8-ac1f6b6435d0,0 19 25
93222916-bac5-11e8-b2b7-ac1f6b6435d0,12 25
932270b8-bad1-11e8-b2b8-ac1f6b6435d0,0 25
9329c486-bad0-11e8-b2b8-ac1f6b6435d0,6 11 25
932b0970-bac8-11e8-b2b8-ac1f6b6435d0,0 1 25
9336bb28-bacb-11e8-b2b8-ac1f6b6435d0,0 25
9336eae2-bad7-11e8-b2b9-ac1f6b6435d0,23
9337ce9e-bacd-11e8-b2b8-ac1f6b6435d0,0 2
933e12ba-bad5-11e8-b2b9-ac1f6b6435d0,0 21 22
9347fe3c-bac7-11e8-b2b7-ac1f6b6435d0,7
9349bf94-baca-11e8-b2b8-ac1f6b6435d0,0 4 25
935baa0c-bad8-11e8-b2b9-ac1f6b6435d0,11
9361b3da-bacd-11e8-b2b8-ac1f6b6435d0,0 25
93672e10-bad6-11e8-b2b9-ac1f6b6435d0,0 24
93692418-bad1-11e8-b2b8-ac1f6b6435d0,2
936a81c8-bad1-11e8-b2b8-ac1f6b6435d0,0 25 26
936bc0ca-bacb-11e8-b2b8-ac1f6b6435d0,24 25
936bcd02-bad7-11e8-b2b9-ac1f6b6435d0,0 2
93709246-bace-11e8-b2b8-ac1f6b6435d0,7 23
937795ec-bad2-11e8-b2b8-ac1f6b6435d0,4 25
93798ac2-bace-11e8-b2b8-ac1f6b6435d0,0
937c0b7c-bac8-11e8-b2b8-ac1f6b6435d0,0 25
937dd7ec-bacb-11e8-b2b8-ac1f6b6435d0,2 21 25
93814af2-bacc-11e8-b2b8-ac1f6b6435d0,0 5
938394f0-bacd-11e8-b2b8-ac1f6b6435d0,0 19
93864f08-bac6-11e8-b2b7-ac1f6b6435d0,4
938c33da-bad7-11e8-b2b9-ac1f6b6435d0,23
9392c022-bac5-11e8-b2b7-ac1f6b6435d0,0 25
93978c66-bace-11e8-b2b8-ac1f6b6435d0,18 25
939dc0ea-bad3-11e8-b2b8-ac1f6b6435d0,25
93a04268-bad1-11e8-b2b8-ac1f6b6435d0,0 21 25
93a0438a-bac7-11e8-b2b7-ac1f6b6435d0,23 25
93c3f0d2-bad6-11e8-b2b9-ac1f6b6435d0,0 1 25
93c8ba28-bacb-11e8-b2b8-ac1f6b6435d0,0 2 11
93d23a62-bacb-11e8-b2b8-ac1f6b6435d0,0 25
93d64c94-bad8-11e8-b2b9-ac1f6b6435d0,16 17
93dde07a-baca-11e8-b2b8-ac1f6b6435d0,0 2 25
93de594c-bacf-11e8-b2b8-ac1f6b6435d0,0 25
93df2590-bac8-11e8-b2b8-ac1f6b6435d0,0 2
93e103c4-bac8-11e8-b2b8-ac1f6b6435d0,0 25
93e9bb64-bac7-11e8-b2b7-ac1f6b6435d0,13
93ec6006-bad8-11e8-b2b9-ac1f6b6435d0,0 11
93ed8e1e-bacd-11e8-b2b8-ac1f6b6435d0,25
93fdef30-bacc-11e8-b2b8-ac1f6b6435d0,0 25
9407aa62-bad0-11e8-b2b8-ac1f6b6435d0,0 19 25
940e4e5a-bad8-11e8-b2b9-ac1f6b6435d0,24
941c6a74-bac6-11e8-b2b7-ac1f6b6435d0,0 21
94205e64-baca-11e8-b2b8-ac1f6b6435d0,0 7 16
9424204e-bad9-11e8-b2b9-ac1f6b6435d0,0 12
94242060-bacc-11e8-b2b8-ac1f6b6435d0,0 25
94264de8-bad3-11e8-b2b8-ac1f6b6435d0,21 25
942c496c-bac6-11e8-b2b7-ac1f6b6435d0,0 3
942ca12c-bad1-11e8-b2b8-ac1f6b6435d0,12 21 25
942e3f14-bad1-11e8-b2b8-ac1f6b6435d0,0 3
942f77aa-bac5-11e8-b2b7-ac1f6b6435d0,4
943b4a50-bad2-11e8-b2b8-ac1f6b6435d0,25
943f5b04-bad7-11e8-b2b9-ac1f6b6435d0,0 18
94450c92-bace-11e8-b2b8-ac1f6b6435d0,2 14 16 17
9446e292-bace-11e8-b2b8-ac1f6b6435d0,0 25
944d1bfc-bac5-11e8-b2b7-ac1f6b6435d0,0 5
944fd2a2-bac5-11e8-b2b7-ac1f6b6435d0,21
9455fc0e-baca-11e8-b2b8-ac1f6b6435d0,7 18 19
94601ffa-bace-11e8-b2b8-ac1f6b6435d0,20
9462fb5c-bac5-11e8-b2b7-ac1f6b6435d0,0 7 25
9468dee8-bacd-11e8-b2b8-ac1f6b6435d0,2 21 25
946dae7e-bac7-11e8-b2b7-ac1f6b6435d0,0 18 19
94738fe0-bad3-11e8-b2b8-ac1f6b6435d0,20 25
94785cfe-bac5-11e8-b2b7-ac1f6b6435d0,19
9481a706-bad8-11e8-b2b9-ac1f6b6435d0,23
94827356-baca-11e8-b2b8-ac1f6b6435d0,0 25
9487ea6a-bada-11e8-b2b9-ac1f6b6435d0,24
9490d334-bad3-11e8-b2b8-ac1f6b6435d0,23
94972aee-bad4-11e8-b2b8-ac1f6b6435d0,0 7
949dc948-bad5-11e8-b2b9-ac1f6b6435d0,0 11 25
94a7aa48-bac7-11e8-b2b7-ac1f6b6435d0,0
94aaaed4-baca-11e8-b2b8-ac1f6b6435d0,0 2 23 25
94acc376-bacb-11e8-b2b8-ac1f6b6435d0,5
94b01df6-bad9-11e8-b2b9-ac1f6b6435d0,1
94b32838-bac6-11e8-b2b7-ac1f6b6435d0,1 25
94bb2bd0-bad2-11e8-b2b8-ac1f6b6435d0,7 20
94bc1894-bada-11e8-b2b9-ac1f6b6435d0,0 22
94c0f350-bada-11e8-b2b9-ac1f6b6435d0,2
94c1b89a-bad9-11e8-b2b9-ac1f6b6435d0,0 21 22
94ca8c2c-bad9-11e8-b2b9-ac1f6b6435d0,14 25
94cf1690-bad2-11e8-b2b8-ac1f6b6435d0,0 25
94d02e52-bad9-11e8-b2b9-ac1f6b6435d0,4 7
94d7c0c8-bac9-11e8-b2b8-ac1f6b6435d0,0 25
94db419e-bace-11e8-b2b8-ac1f6b6435d0,0 25
94e13baa-bacc-11e8-b2b8-ac1f6b6435d0,6
94e36f08-bad4-11e8-b2b8-ac1f6b6435d0,0
94e66790-bac9-11e8-b2b8-ac1f6b6435d0,0 3
94e88a40-bacc-11e8-b2b8-ac1f6b6435d0,0 5 21 25
94f75b32-bac8-11e8-b2b8-ac1f6b6435d0,13
94f76d9c-bac9-11e8-b2b8-ac1f6b6435d0,0 19
94fec54a-bad0-11e8-b2b8-ac1f6b6435d0,0 7 25
9502baee-bac9-11e8-b2b8-ac1f6b6435d0,0
950bf898-bad8-11e8-b2b9-ac1f6b6435d0,0 12
95107e66-bacb-11e8-b2b8-ac1f6b6435d0,0 2 25
95108478-bad1-11e8-b2b8-ac1f6b6435d0,0 25
9513c7b8-bad2-11e8-b2b8-ac1f6b6435d0,21 25
951ec354-bacb-11e8-b2b8-ac1f6b6435d0,21 22
951f7790-bacb-11e8-b2b8-ac1f6b6435d0,25
952f0c6e-bad0-11e8-b2b8-ac1f6b6435d0,8 9
952faea6-bac8-11e8-b2b8-ac1f6b6435d0,0 25
953351b6-bacb-11e8-b2b8-ac1f6b6435d0,14 25
95355f1e-bad1-11e8-b2b8-ac1f6b6435d0,0 7
95367406-bad8-11e8-b2b9-ac1f6b6435d0,0 21
95376706-bada-11e8-b2b9-ac1f6b6435d0,0 2 21 25
953843d2-bacc-11e8-b2b8-ac1f6b6435d0,0
95387a1e-bad1-11e8-b2b8-ac1f6b6435d0,0 21
954b59ec-bad9-11e8-b2b9-ac1f6b6435d0,0 16 25
95524766-bac5-11e8-b2b7-ac1f6b6435d0,0 7 25
955bcb06-bad9-11e8-b2b9-ac1f6b6435d0,0 15 16
956041ee-bad5-11e8-b2b9-ac1f6b6435d0,0 21
957581d8-bac8-11e8-b2b8-ac1f6b6435d0,0 25
957b2b8e-bacc-11e8-b2b8-ac1f6b6435d0,11
95813eb6-bac7-11e8-b2b7-ac1f6b6435d0,0 25
95844dce-baca-11e8-b2b8-ac1f6b6435d0,0 26
95863be8-baca-11e8-b2b8-ac1f6b6435d0,1
9591d91c-bad4-11e8-b2b8-ac1f6b6435d0,21 25
959b3a4e-bad3-11e8-b2b8-ac1f6b6435d0,2 25
95a81a1e-bada-11e8-b2b9-ac1f6b6435d0,0 2 25
95ae0a56-bad4-11e8-b2b8-ac1f6b6435d0,0 14
95ae30e0-bad3-11e8-b2b8-ac1f6b6435d0,0 21 25
95b1356e-bad9-11e8-b2b9-ac1f6b6435d0,0 1
95c7d2a2-bad8-11e8-b2b9-ac1f6b6435d0,0 25
95ccf3d6-bad3-11e8-b2b8-ac1f6b6435d0,0 25
95cd11b8-bad3-11e8-b2b8-ac1f6b6435d0,2 25
95d0a948-bad0-11e8-b2b8-ac1f6b6435d0,0 4
95dd64da-bac6-11e8-b2b7-ac1f6b6435d0,0
95de7582-bac6-11e8-b2b7-ac1f6b6435d0,0 1
95e1e5d2-bada-11e8-b2b9-ac1f6b6435d0,0 25
95e7f07e-bad2-11e8-b2b8-ac1f6b6435d0,0 4 24
95e9895a-baca-11e8-b2b8-ac1f6b6435d0,0 2 3
95f25d70-bad7-11e8-b2b9-ac1f6b6435d0,0 25
95f47824-bad9-11e8-b2b9-ac1f6b6435d0,4 25
95fae78e-bad1-11e8-b2b8-ac1f6b6435d0,23
96002584-bac5-11e8-b2b7-ac1f6b6435d0,0 1 25 26
9602e500-bac8-11e8-b2b8-ac1f6b6435d0,0 3
9602fdaa-bac9-11e8-b2b8-ac1f6b6435d0,0 4 25
96051cb2-bad2-11e8-b2b8-ac1f6b6435d0,0 3
960dff32-bac6-11e8-b2b7-ac1f6b6435d0,0 1 2
960e3a46-bad6-11e8-b2b9-ac1f6b6435d0,0 21 25
9612a724-bacd-11e8-b2b8-ac1f6b6435d0,0
96314bec-bace-11e8-b2b8-ac1f6b6435d0,17 18 25
9642a9be-bac9-11e8-b2b8-ac1f6b6435d0,0 25
9644f204-bad9-11e8-b2b9-ac1f6b6435d0,0 17 25
9647940c-bad2-11e8-b2b8-ac1f6b6435d0,0 12
964fd576-bad3-11e8-b2b8-ac1f6b6435d0,0 7
96543a4c-bada-11e8-b2b9-ac1f6b6435d0,21 25
9656a158-bace-11e8-b2b8-ac1f6b6435d0,0 7
96579c5a-bacb-11e8-b2b8-ac1f6b6435d0,0 7 25
965bf79e-bad2-11e8-b2b8-ac1f6b6435d0,25
9662c162-baca-11e8-b2b8-ac1f6b6435d0,18 19 25
966ae598-bacc-11e8-b2b8-ac1f6b6435d0,20
966b6a76-bac8-11e8-b2b8-ac1f6b6435d0,0 25
96734048-bad2-11e8-b2b8-ac1f6b6435d0,5 21
967ef032-bac8-11e8-b2b8-ac1f6b6435d0,0 2
96982c44-bacf-11e8-b2b8-ac1f6b6435d0,2 14 25 26
96a17e52-bacf-11e8-b2b8-ac1f6b6435d0,25
96a223c6-bad8-11e8-b2b9-ac1f6b6435d0,23 25
96a6f76a-bad4-11e8-b2b8-ac1f6b6435d0,2 23
96b2e444-bad9-11e8-b2b9-ac1f6b6435d0,0 17 25
96b3d6bc-bad7-11e8-b2b9-ac1f6b6435d0,0 2 23
96b7d3ca-bad2-11e8-b2b8-ac1f6b6435d0,0 1 5
96b8a174-bac8-11e8-b2b8-ac1f6b6435d0,0 2 7 25
96b8fd60-bad0-11e8-b2b8-ac1f6b6435d0,22
96bec3dc-bad3-11e8-b2b8-ac1f6b6435d0,19 21 25
96c1809e-baca-11e8-b2b8-ac1f6b6435d0,0 14
96d01572-bada-11e8-b2b9-ac1f6b6435d0,0 18 19
96d329f6-bacb-11e8-b2b8-ac1f6b6435d0,0 5 25
96da2ea4-bad5-11e8-b2b9-ac1f6b6435d0,0 7
96dc6fe6-bad7-11e8-b2b9-ac1f6b6435d0,4 24 25
96e5feac-bace-11e8-b2b8-ac1f6b6435d0,0
96ec2d96-bacd-11e8-b2b8-ac1f6b6435d0,21
96f0a85a-bada-11e8-b2b9-ac1f6b6435d0,0 23
96f292ec-bad9-11e8-b2b9-ac1f6b6435d0,23
96f60aa8-bad4-11e8-b2b8-ac1f6b6435d0,0 25
96f80324-bad6-11e8-b2b9-ac1f6b6435d0,0 25
96f87f30-bac6-11e8-b2b7-ac1f6b6435d0,14 17 25
96fb05a4-bace-11e8-b2b8-ac1f6b6435d0,0 23
970520c8-bada-11e8-b2b9-ac1f6b6435d0,0 2
971331e2-bad8-11e8-b2b9-ac1f6b6435d0,11
97153370-bace-11e8-b2b8-ac1f6b6435d0,0 25
9723a70e-bac7-11e8-b2b7-ac1f6b6435d0,0
972bc2ea-bad6-11e8-b2b9-ac1f6b6435d0,21
973942d6-bad5-11e8-b2b9-ac1f6b6435d0,0 25
974235f8-bad0-11e8-b2b8-ac1f6b6435d0,5 24
97474bc8-bac7-11e8-b2b7-ac1f6b6435d0,0 2 21 25
9751e95a-bad8-11e8-b2b9-ac1f6b6435d0,0 19
9761b4a0-bacb-11e8-b2b8-ac1f6b6435d0,0 25
97646cea-bacb-11e8-b2b8-ac1f6b6435d0,21 23
9771b5d0-bac6-11e8-b2b7-ac1f6b6435d0,0 25 26
977f4d7e-bacd-11e8-b2b8-ac1f6b6435d0,0 25
9781e596-bacf-11e8-b2b8-ac1f6b6435d0,0 2 21
9785698e-bad7-11e8-b2b9-ac1f6b6435d0,0 2 25
978c0ee0-baca-11e8-b2b8-ac1f6b6435d0,0 25
978cba42-bad5-11e8-b2b9-ac1f6b6435d0,0 25
978fb668-bad8-11e8-b2b9-ac1f6b6435d0,4
97989b76-bad2-11e8-b2b8-ac1f6b6435d0,0 26
97a95aa4-bad4-11e8-b2b8-ac1f6b6435d0,0 16 25
97a9a9c0-bad7-11e8-b2b9-ac1f6b6435d0,0 21 25
97aa6380-bad5-11e8-b2b9-ac1f6b6435d0,0 25
97adf86e-bad1-11e8-b2b8-ac1f6b6435d0,0
97b2080e-bad2-11e8-b2b8-ac1f6b6435d0,0 1
97b3c044-bad8-11e8-b2b9-ac1f6b6435d0,0 25
97b7124a-bad7-11e8-b2b9-ac1f6b6435d0,0 19
97c0ea5c-bad4-11e8-b2b8-ac1f6b6435d0,0 23 25
97c346e6-bad7-11e8-b2b9-ac1f6b6435d0,2 25
97cc8652-bacd-11e8-b2b8-ac1f6b6435d0,21 22
97cf9f22-bad7-11e8-b2b9-ac1f6b6435d0,2 23
97db181e-bacf-11e8-b2b8-ac1f6b6435d0,21 22
97e14aec-bac8-11e8-b2b8-ac1f6b6435d0,0
97e50742-bad0-11e8-b2b8-ac1f6b6435d0,0 2 21 25
97e63c8e-bad0-11e8-b2b8-ac1f6b6435d0,0 26
97ee4e8e-baca-11e8-b2b8-ac1f6b6435d0,0 1 19
97eefede-bac9-11e8-b2b8-ac1f6b6435d0,0 5 25
97ef5cdc-bac7-11e8-b2b7-ac1f6b6435d0,0 5
97f83eee-bad9-11e8-b2b9-ac1f6b6435d0,2
97fae8ee-bacd-11e8-b2b8-ac1f6b6435d0,11 24
97fbd1f8-baca-11e8-b2b8-ac1f6b6435d0,0 18 25
981488ca-bace-11e8-b2b8-ac1f6b6435d0,0
981da828-bacf-11e8-b2b8-ac1f6b6435d0,0 21 22
981e4584-bad0-11e8-b2b8-ac1f6b6435d0,7 23
9825b590-bacf-11e8-b2b8-ac1f6b6435d0,0 2
9828acc2-bad5-11e8-b2b9-ac1f6b6435d0,25
98293e02-bad1-11e8-b2b8-ac1f6b6435d0,0 25
982c0b28-bac7-11e8-b2b7-ac1f6b6435d0,0 23
983195b2-bad0-11e8-b2b8-ac1f6b6435d0,0 2
98393bc2-bacc-11e8-b2b8-ac1f6b6435d0,0 21 22
98426846-bacc-11e8-b2b8-ac1f6b6435d0,0 13
9857c6ae-bad7-11e8-b2b9-ac1f6b6435d0,0 2 25
98591c9c-bac9-11e8-b2b8-ac1f6b6435d0,0 1
98658772-bad6-11e8-b2b9-ac1f6b6435d0,17 25
9866f9e0-bad6-11e8-b2b9-ac1f6b6435d0,16 17 25
98723c1c-bad9-11e8-b2b9-ac1f6b6435d0,0 21 25
9872a388-bac9-11e8-b2b8-ac1f6b6435d0,0 25
987744a8-bac7-11e8-b2b7-ac1f6b6435d0,6
987cb322-bad9-11e8-b2b9-ac1f6b6435d0,25
987ddba0-bad2-11e8-b2b8-ac1f6b6435d0,0 25
987de1e0-bad7-11e8-b2b9-ac1f6b6435d0,0 3 21 25
987f072c-bac9-11e8-b2b8-ac1f6b6435d0,0 23
9883815e-bad2-11e8-b2b8-ac1f6b6435d0,21
98845152-bad6-11e8-b2b9-ac1f6b6435d0,0 25
9886eda6-bacf-11e8-b2b8-ac1f6b6435d0,0 19
988aea2c-bada-11e8-b2b9-ac1f6b6435d0,0 21 22
9898f5f0-bac5-11e8-b2b7-ac1f6b6435d0,0 2 13 21 25
9899cd20-bad6-11e8-b2b9-ac1f6b6435d0,0 12
98a3a5e2-bac8-11e8-b2b8-ac1f6b6435d0,0 25
98afc73e-bad5-11e8-b2b9-ac1f6b6435d0,21 25
98b0fba4-bac6-11e8-b2b7-ac1f6b6435d0,0 3
98b65860-bad0-11e8-b2b8-ac1f6b6435d0,0 2
98b6d666-bace-11e8-b2b8-ac1f6b6435d0,0 21
98c16f9e-baca-11e8-b2b8-ac1f6b6435d0,17 25
98c21e96-bacd-11e8-b2b8-ac1f6b6435d0,0 14
98c7181c-bada-11e8-b2b9-ac1f6b6435d0,21
98c76dda-bad0-11e8-b2b8-ac1f6b6435d0,0 19
98c7c8dc-bad2-11e8-b2b8-ac1f6b6435d0,0 2 21
98cfb498-bad7-11e8-b2b9-ac1f6b6435d0,0 16 17 25
98d16376-bad5-11e8-b2b9-ac1f6b6435d0,0 4 25
98d28d42-bacf-11e8-b2b8-ac1f6b6435d0,18
98db1c38-bad3-11e8-b2b8-ac1f6b6435d0,0 21 25
98db757e-bac5-11e8-b2b7-ac1f6b6435d0,18
98e77f74-bac8-11e8-b2b8-ac1f6b6435d0,7
98e954b6-bad2-11e8-b2b8-ac1f6b6435d0,7
98ea9cda-bac9-11e8-b2b8-ac1f6b6435d0,2
98f35312-bac8-11e8-b2b8-ac1f6b6435d0,23
98f49eb0-bace-11e8-b2b8-ac1f6b6435d0,0 7 25
98f523b8-bac8-11e8-b2b8-ac1f6b6435d0,0 2 23
98f84ca8-bad9-11e8-b2b9-ac1f6b6435d0,0 25
98fc9780-bad5-11e8-b2b9-ac1f6b6435d0,0
990235dc-bad5-11e8-b2b9-ac1f6b6435d0,0 21 25
99056942-bad4-11e8-b2b8-ac1f6b6435d0,0 5
990aee24-bad6-11e8-b2b9-ac1f6b6435d0,0 23 25
990bf694-bada-11e8-b2b9-ac1f6b6435d0,23
991f3c04-bac6-11e8-b2b7-ac1f6b6435d0,0 7 25
992eaed4-bac9-11e8-b2b8-ac1f6b6435d0,0 5 25
9932fa46-bac6-11e8-b2b7-ac1f6b6435d0,25
99360954-bac9-11e8-b2b8-ac1f6b6435d0,0 5 15
9941a82c-bad8-11e8-b2b9-ac1f6b6435d0,0 14 21
994a70e6-bacf-11e8-b2b8-ac1f6b6435d0,21 25
994aad1a-bad2-11e8-b2b8-ac1f6b6435d0,5
994f1894-bad4-11e8-b2b8-ac1f6b6435d0,0 5
9954834c-bacf-11e8-b2b8-ac1f6b6435d0,21 25
99583b54-baca-11e8-b2b8-ac1f6b6435d0,19
9960caaa-bac8-11e8-b2b8-ac1f6b6435d0,0 21 25
996d8cee-bad3-11e8-b2b8-ac1f6b6435d0,21
9972bc64-bad3-11e8-b2b8-ac1f6b6435d0,0
997d78f8-bad7-11e8-b2b9-ac1f6b6435d0,26
9980d2f8-bacf-11e8-b2b8-ac1f6b6435d0,7 23
99888dca-bac7-11e8-b2b7-ac1f6b6435d0,0 21 25
998af66c-bac9-11e8-b2b8-ac1f6b6435d0,2 25
999428c0-bada-11e8-b2b9-ac1f6b6435d0,4
999d9f82-bac5-11e8-b2b7-ac1f6b6435d0,0 23 25
999db948-bad1-11e8-b2b8-ac1f6b6435d0,0 7
99a26af4-bad8-11e8-b2b9-ac1f6b6435d0,7 23
99a327b6-bad6-11e8-b2b9-ac1f6b6435d0,25
99a671ca-bad4-11e8-b2b8-ac1f6b6435d0,5
99a9251c-bacc-11e8-b2b8-ac1f6b6435d0,0 25
99aeacea-bad5-11e8-b2b9-ac1f6b6435d0,0 24
99be4caa-bac5-11e8-b2b7-ac1f6b6435d0,6 25
99cdd86e-baca-11e8-b2b8-ac1f6b6435d0,12 21
99cf3dc4-bad6-11e8-b2b9-ac1f6b6435d0,0 14 16
99d31dec-bac5-11e8-b2b7-ac1f6b6435d0,18
99de5fc6-bacb-11e8-b2b8-ac1f6b6435d0,0 13
99df9022-bacf-11e8-b2b8-ac1f6b6435d0,6 25
99e3ac9c-bada-11e8-b2b9-ac1f6b6435d0,0 24 25
99e79a96-bada-11e8-b2b9-ac1f6b6435d0,0 25
99e9f930-bacb-11e8-b2b8-ac1f6b6435d0,0
99ee5fa6-bad6-11e8-b2b9-ac1f6b6435d0,0 21 25
99ef42d2-bad0-11e8-b2b8-ac1f6b6435d0,0
99f5fe90-bacd-11e8-b2b8-ac1f6b6435d0,7 24
99f94eba-bad7-11e8-b2b9-ac1f6b6435d0,0 15 16
99fbda10-bad5-11e8-b2b9-ac1f6b6435d0,0 25
9a145974-bad4-11e8-b2b8-ac1f6b6435d0,0 25
9a190250-bacd-11e8-b2b8-ac1f6b6435d0,0 21
9a1c1804-bad3-11e8-b2b8-ac1f6b6435d0,7 25
9a21667e-bad8-11e8-b2b9-ac1f6b6435d0,2
9a24263e-bad3-11e8-b2b8-ac1f6b6435d0,21 23
9a2cad34-bac6-11e8-b2b7-ac1f6b6435d0,0 25
9a2e36be-bacf-11e8-b2b8-ac1f6b6435d0,11
9a2f884e-bace-11e8-b2b8-ac1f6b6435d0,0 12
9a3bcf48-bad6-11e8-b2b9-ac1f6b6435d0,6
9a411cce-bac6-11e8-b2b7-ac1f6b6435d0,0 25
9a414638-bad3-11e8-b2b8-ac1f6b6435d0,0 25
9a452518-bad9-11e8-b2b9-ac1f6b6435d0,0 19
9a462b34-bad9-11e8-b2b9-ac1f6b6435d0,6 25
9a468c56-bace-11e8-b2b8-ac1f6b6435d0,0 25
9a46ff26-bacc-11e8-b2b8-ac1f6b6435d0,0 7
9a474fb0-bad3-11e8-b2b8-ac1f6b6435d0,0 5 18 25
9a480c06-bac5-11e8-b2b7-ac1f6b6435d0,14
9a4913fa-bac8-11e8-b2b8-ac1f6b6435d0,0 2 5 25
9a5061a4-bad3-11e8-b2b8-ac1f6b6435d0,7 23
9a50ef5c-bace-11e8-b2b8-ac1f6b6435d0,6 25
9a52cb44-bad1-11e8-b2b8-ac1f6b6435d0,0 25
9a5c8f9a-bac6-11e8-b2b7-ac1f6b6435d0,0 1 25
9a5e7f9e-bacb-11e8-b2b8-ac1f6b6435d0,4
9a5ff1d0-bada-11e8-b2b9-ac1f6b6435d0,0
9a62d4b8-bada-11e8-b2b9-ac1f6b6435d0,11
9a63e8b4-bac9-11e8-b2b8-ac1f6b6435d0,4
9a68e99c-bac7-11e8-b2b7-ac1f6b6435d0,0 25
9a6ab8e6-baca-11e8-b2b8-ac1f6b6435d0,7
9a6f9ee6-bad5-11e8-b2b9-ac1f6b6435d0,5 25
9a756318-bad9-11e8-b2b9-ac1f6b6435d0,23
9a78a6c8-bad3-11e8-b2b8-ac1f6b6435d0,7
9a80bc86-bad4-11e8-b2b8-ac1f6b6435d0,11
9a83690c-bac7-11e8-b2b7-ac1f6b6435d0,0 1
9a8b41a4-bad6-11e8-b2b9-ac1f6b6435d0,23
9a8e529e-bac8-11e8-b2b8-ac1f6b6435d0,0 25
9a90c012-bac6-11e8-b2b7-ac1f6b6435d0,0 22
9aa54574-bac5-11e8-b2b7-ac1f6b6435d0,0 25
9aa9d8c8-bac5-11e8-b2b7-ac1f6b6435d0,0 25
9aab0ac8-bad8-11e8-b2b9-ac1f6b6435d0,23
9ab01ee4-bada-11e8-b2b9-ac1f6b6435d0,0 22
9ab1e634-bac6-11e8-b2b7-ac1f6b6435d0,25
9ab30036-bad6-11e8-b2b9-ac1f6b6435d0,21 24 25
9ab5d310-bac7-11e8-b2b7-ac1f6b6435d0,0 2
9ab6bca0-bacf-11e8-b2b8-ac1f6b6435d0,0 5
9ac477fe-bad0-11e8-b2b8-ac1f6b6435d0,0 2
9acc7c5a-bad1-11e8-b2b8-ac1f6b6435d0,0 21
9adcba74-bac8-11e8-b2b8-ac1f6b6435d0,4 25
9ae1af78-baca-11e8-b2b8-ac1f6b6435d0,14
9ae283f2-bacb-11e8-b2b8-ac1f6b6435d0,0 25
9af278c4-bacc-11e8-b2b8-ac1f6b6435d0,0 7
9af2c81a-bac7-11e8-b2b7-ac1f6b6435d0,0 7 25
9af87fe8-bad7-11e8-b2b9-ac1f6b6435d0,0 23 25
9afc75c2-bac7-11e8-b2b7-ac1f6b6435d0,0 22 25
9b07b400-bacc-11e8-b2b8-ac1f6b6435d0,0 19 26
9b0a0d3e-bac9-11e8-b2b8-ac1f6b6435d0,23
9b0d42b2-bacc-11e8-b2b8-ac1f6b6435d0,0
9b0d5860-bacc-11e8-b2b8-ac1f6b6435d0,0 2 25
9b0e2588-bad1-11e8-b2b8-ac1f6b6435d0,0 25
9b1062b2-bad1-11e8-b2b8-ac1f6b6435d0,0 23 25
9b14094a-bad0-11e8-b2b8-ac1f6b6435d0,23
9b1817f6-bada-11e8-b2b9-ac1f6b6435d0,0 5 21 25
9b208de8-bace-11e8-b2b8-ac1f6b6435d0,0 14
9b2664ca-bace-11e8-b2b8-ac1f6b6435d0,0 25
9b2ac136-baca-11e8-b2b8-ac1f6b6435d0,0 23
9b308718-bad1-11e8-b2b8-ac1f6b6435d0,0 24
9b330e04-bac5-11e8-b2b7-ac1f6b6435d0,2 25
9b33a75a-bacb-11e8-b2b8-ac1f6b6435d0,5 24
9b44ed8a-bacb-11e8-b2b8-ac1f6b6435d0,0 2 19
9b538188-bad0-11e8-b2b8-ac1f6b6435d0,0 25
9b545a10-bad3-11e8-b2b8-ac1f6b6435d0,0 25
9b5800b4-bac6-11e8-b2b7-ac1f6b6435d0,0 2 7 25
9b5a96f2-bad6-11e8-b2b9-ac1f6b6435d0,4
9b5c0e08-bac5-11e8-b2b7-ac1f6b6435d0,23
9b6a93f6-bac5-11e8-b2b7-ac1f6b6435d0,0 21 25
9b6b4062-bac5-11e8-b2b7-ac1f6b6435d0,0 12
9b6fb5cc-bad7-11e8-b2b9-ac1f6b6435d0,0 16 17 25
9b792a3a-bad2-11e8-b2b8-ac1f6b6435d0,0 25
9b7c29e2-bad7-11e8-b2b9-ac1f6b6435d0,0 2
9b83b1e0-bac7-11e8-b2b7-ac1f6b6435d0,0 2
9b84e8f0-bac5-11e8-b2b7-ac1f6b6435d0,0 5
9b899a80-bad9-11e8-b2b9-ac1f6b6435d0,25
9b8eb7ac-bac7-11e8-b2b7-ac1f6b6435d0,0 4 5
9b9d7952-bad8-11e8-b2b9-ac1f6b6435d0,11
9b9e0792-bad7-11e8-b2b9-ac1f6b6435d0,26
9ba6f2d0-bac8-11e8-b2b8-ac1f6b6435d0,0 25
9baa02e4-bac9-11e8-b2b8-ac1f6b6435d0,11
9bab7418-bad2-11e8-b2b8-ac1f6b6435d0,0
9bb43648-bac8-11e8-b2b8-ac1f6b6435d0,0 16 25
9bb66bfa-bad9-11e8-b2b9-ac1f6b6435d0,0 12 25
9bbe4b9a-bad9-11e8-b2b9-ac1f6b6435d0,0 2
9bbf8714-bacd-11e8-b2b8-ac1f6b6435d0,2 6 11 25
9bc6a800-bad2-11e8-b2b8-ac1f6b6435d0,24
9bd51af2-bad2-11e8-b2b8-ac1f6b6435d0,4 25
9bd6b110-bad6-11e8-b2b9-ac1f6b6435d0,0 25
9bd7fc86-bac8-11e8-b2b8-ac1f6b6435d0,0 1 5
9bd8603e-bad4-11e8-b2b8-ac1f6b6435d0,23
9bdb554a-bac6-11e8-b2b7-ac1f6b6435d0,0 21 25
9be309ca-bac6-11e8-b2b7-ac1f6b6435d0,22 25
9be63ffc-bac9-11e8-b2b8-ac1f6b6435d0,0 12 13 21 25
9beacda4-bada-11e8-b2b9-ac1f6b6435d0,0 7
9bf48e0c-bac6-11e8-b2b7-ac1f6b6435d0,0 1 25
9c03b710-bacb-11e8-b2b8-ac1f6b6435d0,21 25
9c085396-bacc-11e8-b2b8-ac1f6b6435d0,0 2 25
9c093576-bad2-11e8-b2b8-ac1f6b6435d0,2 25
9c0eb586-bace-11e8-b2b8-ac1f6b6435d0,0 25
9c105be2-bad9-11e8-b2b9-ac1f6b6435d0,22
9c139e94-bad2-11e8-b2b8-ac1f6b6435d0,9
9c14a4da-bad5-11e8-b2b9-ac1f6b6435d0,0 3
9c18458c-bacf-11e8-b2b8-ac1f6b6435d0,0 7 11
9c1850ea-baca-11e8-b2b8-ac1f6b6435d0,0 1
9c1ccbd4-bad4-11e8-b2b8-ac1f6b6435d0,6 23
9c1ce602-bacd-11e8-b2b8-ac1f6b6435d0,7 25
9c21e53c-bad5-11e8-b2b9-ac1f6b6435d0,0 7 21 25
9c235ce6-bad5-11e8-b2b9-ac1f6b6435d0,0 11
9c23937e-bacf-11e8-b2b8-ac1f6b6435d0,23
9c2473c4-bac6-11e8-b2b7-ac1f6b6435d0,0 25
9c346b9e-bad5-11e8-b2b9-ac1f6b6435d0,0 2 16
9c3ef438-bad0-11e8-b2b8-ac1f6b6435d0,0 5
9c441028-bad3-11e8-b2b8-ac1f6b6435d0,0 7
9c566b6c-bac7-11e8-b2b7-ac1f6b6435d0,0
9c5a3640-bacf-11e8-b2b8-ac1f6b6435d0,0 7 25
9c5d37d8-bad3-11e8-b2b8-ac1f6b6435d0,0 14 19
9c5ec6d6-bacc-11e8-b2b8-ac1f6b6435d0,0 2 7
9c5f4306-bacf-11e8-b2b8-ac1f6b6435d0,0 14 25
9c6bf026-bad2-11e8-b2b8-ac1f6b6435d0,0 2 25
9c707432-bacf-11e8-b2b8-ac1f6b6435d0,0 21
9c75052e-bad4-11e8-b2b8-ac1f6b6435d0,21
9c79873a-bad8-11e8-b2b9-ac1f6b6435d0,11
9c7a0808-bacf-11e8-b2b8-ac1f6b6435d0,0 3 25
9c7a4700-bad4-11e8-b2b8-ac1f6b6435d0,21 25
9c857924-bad7-11e8-b2b9-ac1f6b6435d0,1
9c909866-bad4-11e8-b2b8-ac1f6b6435d0,0 2
9c938956-bac8-11e8-b2b8-ac1f6b6435d0,4 25
9c9bd0be-bad4-11e8-b2b8-ac1f6b6435d0,0 14
9c9eac1e-bac8-11e8-b2b8-ac1f6b6435d0,4 25
9ca5c54a-bac7-11e8-b2b7-ac1f6b6435d0,0 21 25
9cab9800-bac5-11e8-b2b7-ac1f6b6435d0,7 23
9caea3c2-bacc-11e8-b2b8-ac1f6b6435d0,0 5 25
9caf3bd2-bac9-11e8-b2b8-ac1f6b6435d0,23
9cb0d24c-bad0-11e8-b2b8-ac1f6b6435d0,0 25
9cb45e86-baca-11e8-b2b8-ac1f6b6435d0,0 5
9cb47cf8-bac6-11e8-b2b7-ac1f6b6435d0,2
9cbf8d22-bacc-11e8-b2b8-ac1f6b6435d0,0 25
9cc05480-bac9-11e8-b2b8-ac1f6b6435d0,23 25
9cc06a46-bad4-11e8-b2b8-ac1f6b6435d0,0 7 23
9cc17ee6-bad8-11e8-b2b9-ac1f6b6435d0,0 1 2 26
9cc1b868-bac7-11e8-b2b7-ac1f6b6435d0,3
9cc3bdc4-bac8-11e8-b2b8-ac1f6b6435d0,0
9cc8df66-bad7-11e8-b2b9-ac1f6b6435d0,0 2 21 25
9ccdfd3a-bac7-11e8-b2b7-ac1f6b6435d0,19 26
9cd6dd44-bacf-11e8-b2b8-ac1f6b6435d0,23 25
9cdb30fc-bad8-11e8-b2b9-ac1f6b6435d0,0 16 17 25
9ce03f1a-baca-11e8-b2b8-ac1f6b6435d0,0 21 25
9cedeafc-bad4-11e8-b2b8-ac1f6b6435d0,0 16
9cf5956a-bacd-11e8-b2b8-ac1f6b6435d0,0
9cfc386a-bad8-11e8-b2b9-ac1f6b6435d0,24
9d022258-bac8-11e8-b2b8-ac1f6b6435d0,4
9d0ab272-bad4-11e8-b2b8-ac1f6b6435d0,0 25
9d162e1e-bac9-11e8-b2b8-ac1f6b6435d0,0 19
9d1e5f10-bad5-11e8-b2b9-ac1f6b6435d0,0 4
9d2a801e-bad1-11e8-b2b8-ac1f6b6435d0,0 2 25
9d2d08b2-bada-11e8-b2b9-ac1f6b6435d0,12
9d310f44-bad9-11e8-b2b9-ac1f6b6435d0,5
9d37e408-bad5-11e8-b2b9-ac1f6b6435d0,21 25
9d44cd08-bad5-11e8-b2b9-ac1f6b6435d0,
9d44e20c-bacb-11e8-b2b8-ac1f6b6435d0,0 25
9d471f72-bad0-11e8-b2b8-ac1f6b6435d0,5
9d4da4a8-bacd-11e8-b2b8-ac1f6b6435d0,0 25
9d51fe52-bac5-11e8-b2b7-ac1f6b6435d0,4 21 25
9d556c30-bac6-11e8-b2b7-ac1f6b6435d0,0 25
9d567782-bac7-11e8-b2b7-ac1f6b6435d0,0 24
9d5eeae0-baca-11e8-b2b8-ac1f6b6435d0,0 7
9d618466-bad5-11e8-b2b9-ac1f6b6435d0,0 19
9d6a4a3c-bad1-11e8-b2b8-ac1f6b6435d0,0
9d6a9bf4-bad6-11e8-b2b9-ac1f6b6435d0,0 25
9d707d38-bad3-11e8-b2b8-ac1f6b6435d0,0 25
9d7167a6-bad4-11e8-b2b8-ac1f6b6435d0,0 22
9d73af62-bac9-11e8-b2b8-ac1f6b6435d0,0 25
9d75a6fe-bad4-11e8-b2b8-ac1f6b6435d0,0 4
9d7628bc-bad5-11e8-b2b9-ac1f6b6435d0,2
9d767e6e-bacd-11e8-b2b8-ac1f6b6435d0,4 21 25
9d7e8ecc-bacf-11e8-b2b8-ac1f6b6435d0,2 21 22
9d7f094e-bac8-11e8-b2b8-ac1f6b6435d0,0 2 25 26
9d80a104-bad8-11e8-b2b9-ac1f6b6435d0,0 5 25
9d8ffce4-bac9-11e8-b2b8-ac1f6b6435d0,0 2 23 25
9d93e754-baca-11e8-b2b8-ac1f6b6435d0,0 1 7 25
9d9671fc-bad6-11e8-b2b9-ac1f6b6435d0,0 21
9d97e9e4-bad4-11e8-b2b8-ac1f6b6435d0,0 7 20
9d9f1624-bacf-11e8-b2b8-ac1f6b6435d0,23
9d9f453c-bace-11e8-b2b8-ac1f6b6435d0,0 7 23 25
9da4d740-bac9-11e8-b2b8-ac1f6b6435d0,0 23 25
9da67d5c-bac9-11e8-b2b8-ac1f6b6435d0,14 16 17
9dad8028-bac6-11e8-b2b7-ac1f6b6435d0,0 7 25
9db19f9c-bac5-11e8-b2b7-ac1f6b6435d0,2
9db2fba8-bad9-11e8-b2b9-ac1f6b6435d0,0 3
9dc0f190-bacf-11e8-b2b8-ac1f6b6435d0,0 1 25
9dd35636-bacb-11e8-b2b8-ac1f6b6435d0,0 21 25
9dd7acd2-bac5-11e8-b2b7-ac1f6b6435d0,0 3
9ddbccb4-bad8-11e8-b2b9-ac1f6b6435d0,0 11 25
9ddbe57a-bacc-11e8-b2b8-ac1f6b6435d0,0 25
9de5643a-bacf-11e8-b2b8-ac1f6b6435d0,0 3
9de66946-bacc-11e8-b2b8-ac1f6b6435d0,0 25
9ded793a-bacb-11e8-b2b8-ac1f6b6435d0,4
9df4f6de-baca-11e8-b2b8-ac1f6b6435d0,0 22
9dfdd97e-bad0-11e8-b2b8-ac1f6b6435d0,2 24
9e043d98-bac9-11e8-b2b8-ac1f6b6435d0,0 22
9e09f0fa-bad1-11e8-b2b8-ac1f6b6435d0,0 25
9e14e572-bac8-11e8-b2b8-ac1f6b6435d0,5
9e278ace-bacd-11e8-b2b8-ac1f6b6435d0,0 2
9e33de26-baca-11e8-b2b8-ac1f6b6435d0,0 24 25
9e42a158-bad0-11e8-b2b8-ac1f6b6435d0,0 25
9e45d2dc-bacc-11e8-b2b8-ac1f6b6435d0,0 12 23
9e467f18-bad4-11e8-b2b8-ac1f6b6435d0,4 25
9e527204-bacb-11e8-b2b8-ac1f6b6435d0,
9e53adc6-bad6-11e8-b2b9-ac1f6b6435d0,0 17 25
9e540556-bad0-11e8-b2b8-ac1f6b6435d0,25
9e541f72-bad1-11e8-b2b8-ac1f6b6435d0,0 5 7 21 25
9e56fda4-bacd-11e8-b2b8-ac1f6b6435d0,25
9e5cee3a-bad7-11e8-b2b9-ac1f6b6435d0,25
9e643e14-bad3-11e8-b2b8-ac1f6b6435d0,23
9e64ade2-bad1-11e8-b2b8-ac1f6b6435d0,4
9e6fe8be-bad2-11e8-b2b8-ac1f6b6435d0,4
9e71469a-bad3-11e8-b2b8-ac1f6b6435d0,0 18 25
9e7701d4-bace-11e8-b2b8-ac1f6b6435d0,23
9e78e720-bad2-11e8-b2b8-ac1f6b6435d0,0 21 25
9e7b3cc6-bad9-11e8-b2b9-ac1f6b6435d0,23
9e7d3cb8-bad6-11e8-b2b9-ac1f6b6435d0,0 7
9e897408-baca-11e8-b2b8-ac1f6b6435d0,0 23
9e8ca60e-bad0-11e8-b2b8-ac1f6b6435d0,0 21 22
9e90236e-bac7-11e8-b2b7-ac1f6b6435d0,2 14 16
9eaa712e-bacc-11e8-b2b8-ac1f6b6435d0,0
9eaa94a6-bad6-11e8-b2b9-ac1f6b6435d0,0 21 22
9eafcf6a-bacd-11e8-b2b8-ac1f6b6435d0,0 21 25
9eb00c7e-bac7-11e8-b2b7-ac1f6b6435d0,3 25
9eb47dd2-bacb-11e8-b2b8-ac1f6b6435d0,25
9eba7e92-bad2-11e8-b2b8-ac1f6b6435d0,0 21 25
9eceb6ba-bac7-11e8-b2b7-ac1f6b6435d0,0 4 25
9ed0b028-bad1-11e8-b2b8-ac1f6b6435d0,0 1
9ed1560c-bad3-11e8-b2b8-ac1f6b6435d0,0 3 5
9edb2498-bad8-11e8-b2b9-ac1f6b6435d0,0 25
9edb4b90-bacd-11e8-b2b8-ac1f6b6435d0,0 7
9edeb0d2-bad2-11e8-b2b8-ac1f6b6435d0,25
9ee1143a-bacd-11e8-b2b8-ac1f6b6435d0,0 21
9eea841a-bad8-11e8-b2b9-ac1f6b6435d0,0 1
9eecc778-bac6-11e8-b2b7-ac1f6b6435d0,0 2 25
9ef21822-bacb-11e8-b2b8-ac1f6b6435d0,0 7
9efb0304-bad7-11e8-b2b9-ac1f6b6435d0,0 5
9f001d6c-bad7-11e8-b2b9-ac1f6b6435d0,0 2 25
9f0193dc-bac7-11e8-b2b7-ac1f6b6435d0,0 25
9f039c1e-bada-11e8-b2b9-ac1f6b6435d0,0 21 26
9f06bfb8-bad8-11e8-b2b9-ac1f6b6435d0,0
9f1235e6-bad3-11e8-b2b8-ac1f6b6435d0,5
9f15515c-bac6-11e8-b2b7-ac1f6b6435d0,14
9f1760aa-bacb-11e8-b2b8-ac1f6b6435d0,0 5 24
9f1e68ea-bad6-11e8-b2b9-ac1f6b6435d0,21 25
9f1eedfa-bac8-11e8-b2b8-ac1f6b6435d0,0 20 23
9f25222c-bad9-11e8-b2b9-ac1f6b6435d0,19
9f2c6e60-baca-11e8-b2b8-ac1f6b6435d0,0 23
9f359f8e-bada-11e8-b2b9-ac1f6b6435d0,21 25
9f40905a-bad6-11e8-b2b9-ac1f6b6435d0,0
9f481d30-bacb-11e8-b2b8-ac1f6b6435d0,1 2 25
9f49160e-bac6-11e8-b2b7-ac1f6b6435d0,2
9f51de12-bace-11e8-b2b8-ac1f6b6435d0,0 5 25
9f578d04-bad7-11e8-b2b9-ac1f6b6435d0,0 1 25
9f584d72-bac6-11e8-b2b7-ac1f6b6435d0,21
9f64c740-bad6-11e8-b2b9-ac1f6b6435d0,0 1
9f71c832-bacc-11e8-b2b8-ac1f6b6435d0,0 14
9f7233ae-bacb-11e8-b2b8-ac1f6b6435d0,0 1 25
9f79d95a-bac7-11e8-b2b7-ac1f6b6435d0,0 5
9f7a9d12-bad2-11e8-b2b8-ac1f6b6435d0,25
9f82c672-bad2-11e8-b2b8-ac1f6b6435d0,0 25
9f869964-bacd-11e8-b2b8-ac1f6b6435d0,0 2 25
9f8b5494-bac9-11e8-b2b8-ac1f6b6435d0,0 21 25
9f8be986-bad8-11e8-b2b9-ac1f6b6435d0,21 23
9f8c1ff8-bacb-11e8-b2b8-ac1f6b6435d0,0 19
9f94cd58-bad8-11e8-b2b9-ac1f6b6435d0,21 23
9fa24150-bad7-11e8-b2b9-ac1f6b6435d0,2 18 25
9fa35cce-bac9-11e8-b2b8-ac1f6b6435d0,0 4
9fa8d41c-bad6-11e8-b2b9-ac1f6b6435d0,0 4
9faab446-bad9-11e8-b2b9-ac1f6b6435d0,0 25
9fb28a86-bad9-11e8-b2b9-ac1f6b6435d0,21 25
9fb7a010-bacb-11e8-b2b8-ac1f6b6435d0,11 23
9fc29f50-bacc-11e8-b2b8-ac1f6b6435d0,0 21 25
9fc52346-bacd-11e8-b2b8-ac1f6b6435d0,0 7 18 25
9fcda424-bad4-11e8-b2b8-ac1f6b6435d0,11
9fd88c12-bacb-11e8-b2b8-ac1f6b6435d0,25
9fda05ce-bada-11e8-b2b9-ac1f6b6435d0,0 16 17 25
9fda8a56-bac8-11e8-b2b8-ac1f6b6435d0,0 3 25
9fdbc4d2-bad9-11e8-b2b9-ac1f6b6435d0,7 23
9fdc326a-bad8-11e8-b2b9-ac1f6b6435d0,21
9fe2c1e4-bac8-11e8-b2b8-ac1f6b6435d0,19
9fe89c8e-bacf-11e8-b2b8-ac1f6b6435d0,25
9fe9b5c0-bace-11e8-b2b8-ac1f6b6435d0,0 1 25
9fefbb5a-bad3-11e8-b2b8-ac1f6b6435d0,0 23
9ff05bf6-bad7-11e8-b2b9-ac1f6b6435d0,0 1
9ff08a34-bad4-11e8-b2b8-ac1f6b6435d0,11 23
9ff212e8-bad2-11e8-b2b8-ac1f6b6435d0,18 19 25
9ffbc074-bac6-11e8-b2b7-ac1f6b6435d0,0 7 25
a00566bc-bad3-11e8-b2b8-ac1f6b6435d0,0 21 25
a0137418-bac5-11e8-b2b7-ac1f6b6435d0,0 7
a0234ad6-bada-11e8-b2b9-ac1f6b6435d0,0 16 25
a02db460-bad7-11e8-b2b9-ac1f6b6435d0,0 2 3
a02fa092-bada-11e8-b2b9-ac1f6b6435d0,0 25 26
a030d310-bac9-11e8-b2b8-ac1f6b6435d0,0 7 21 25
a031d9ec-bacc-11e8-b2b8-ac1f6b6435d0,0 6 25
a041062a-bac6-11e8-b2b7-ac1f6b6435d0,0 3 25
a0529814-bac5-11e8-b2b7-ac1f6b6435d0,21
a0621e78-bad5-11e8-b2b9-ac1f6b6435d0,0 25
a063537e-bada-11e8-b2b9-ac1f6b6435d0,0 25
a0649ef6-bad9-11e8-b2b9-ac1f6b6435d0,4
a06fbbb6-bad8-11e8-b2b9-ac1f6b6435d0,25
a071d974-bad7-11e8-b2b9-ac1f6b6435d0,14
a0735f9a-baca-11e8-b2b8-ac1f6b6435d0,19 25
a0769cdc-baca-11e8-b2b8-ac1f6b6435d0,0 21
a07bd432-bace-11e8-b2b8-ac1f6b6435d0,0 25
a07cd1fa-bacb-11e8-b2b8-ac1f6b6435d0,0 2 25
a0801c16-bacb-11e8-b2b8-ac1f6b6435d0,0 25
a084f88a-bacb-11e8-b2b8-ac1f6b6435d0,4
a089cbe6-bad3-11e8-b2b8-ac1f6b6435d0,0 25
a08e99a6-bacd-11e8-b2b8-ac1f6b6435d0,0
a098f27c-bada-11e8-b2b9-ac1f6b6435d0,0 7
a0c5076a-bad8-11e8-b2b9-ac1f6b6435d0,21 25
a0d42da4-bac8-11e8-b2b8-ac1f6b6435d0,25
a0e4060e-bada-11e8-b2b9-ac1f6b6435d0,0
a0eb6010-bacc-11e8-b2b8-ac1f6b6435d0,0 25
a0eeef2c-bad2-11e8-b2b8-ac1f6b6435d0,0 2 25
a0f02b7e-bac5-11e8-b2b7-ac1f6b6435d0,12 14 25
a0f416fc-bac6-11e8-b2b7-ac1f6b6435d0,23 25
a0f9a2fc-bada-11e8-b2b9-ac1f6b6435d0,23
a0f9eb2e-bac9-11e8-b2b8-ac1f6b6435d0,0 20 25 26
a0fa5c36-bacd-11e8-b2b8-ac1f6b6435d0,0
a0fd8c9a-bacc-11e8-b2b8-ac1f6b6435d0,3
a10481ee-bad1-11e8-b2b8-ac1f6b6435d0,0 2 21 25
a104a23e-bad9-11e8-b2b9-ac1f6b6435d0,12
a10745bc-bad3-11e8-b2b8-ac1f6b6435d0,2
a1094322-bac8-11e8-b2b8-ac1f6b6435d0,24
a10ab610-bad9-11e8-b2b9-ac1f6b6435d0,0 21 25
a10b9404-bad9-11e8-b2b9-ac1f6b6435d0,14 25
a10de32c-bad3-11e8-b2b8-ac1f6b6435d0,0 19
a112c846-bad4-11e8-b2b8-ac1f6b6435d0,12
a114a178-bad6-11e8-b2b9-ac1f6b6435d0,0 5
a118d070-bac9-11e8-b2b8-ac1f6b6435d0,23
a119cd72-bac9-11e8-b2b8-ac1f6b6435d0,0 13 25
a11b24ac-bacd-11e8-b2b8-ac1f6b6435d0,0 21
a1209c74-bac9-11e8-b2b8-ac1f6b6435d0,5 25
a120cb34-bada-11e8-b2b9-ac1f6b6435d0,21 25
a1260cca-bac6-11e8-b2b7-ac1f6b6435d0,0 7 25
a12ad754-bacc-11e8-b2b8-ac1f6b6435d0,0 25
a12b7b14-bacc-11e8-b2b8-ac1f6b6435d0,0 19
a1322d52-bacb-11e8-b2b8-ac1f6b6435d0,0 5
a13a7ae8-bada-11e8-b2b9-ac1f6b6435d0,0 25
a13f7a68-bace-11e8-b2b8-ac1f6b6435d0,6 23 25
a142c680-bacb-11e8-b2b8-ac1f6b6435d0,2
a14399ee-bad4-11e8-b2b8-ac1f6b6435d0,23
a1502e6e-bad1-11e8-b2b8-ac1f6b6435d0,2
a165562a-bad8-11e8-b2b9-ac1f6b6435d0,21 25
a1674cf4-baca-11e8-b2b8-ac1f6b6435d0,12
a1794e1a-bacd-11e8-b2b8-ac1f6b6435d0,0 25
a18189b0-bad5-11e8-b2b9-ac1f6b6435d0,0 1
a18c56ac-bad4-11e8-b2b8-ac1f6b6435d0,0 25
a18d9a46-bacd-11e8-b2b8-ac1f6b6435d0,0 21 25
a1981d76-bace-11e8-b2b8-ac1f6b6435d0,3
a1ad14a4-bad0-11e8-b2b8-ac1f6b6435d0,0 2
a1b01106-bad8-11e8-b2b9-ac1f6b6435d0,23
a1c66e14-bad4-11e8-b2b8-ac1f6b6435d0,1
a1c8b614-bad0-11e8-b2b8-ac1f6b6435d0,0 21
a1caf776-bad5-11e8-b2b9-ac1f6b6435d0,0 2 19
a1cb9a6c-bad2-11e8-b2b8-ac1f6b6435d0,23
a1cfd80a-bacf-11e8-b2b8-ac1f6b6435d0,0 5 25
a1d557aa-bad2-11e8-b2b8-ac1f6b6435d0,0 25
a1df999e-bad8-11e8-b2b9-ac1f6b6435d0,0 1
a1e79390-bad0-11e8-b2b8-ac1f6b6435d0,0 14 16
a1ed83b6-bad2-11e8-b2b8-ac1f6b6435d0,0 2 7
a1effff4-bacf-11e8-b2b8-ac1f6b6435d0,0 21 25
a1f0873a-bacf-11e8-b2b8-ac1f6b6435d0,0 23
a1f28fc6-bad9-11e8-b2b9-ac1f6b6435d0,0 21 25
a2036248-bace-11e8-b2b8-ac1f6b6435d0,7 25
a205b698-bad2-11e8-b2b8-ac1f6b6435d0,0 13
a20c33ba-bad2-11e8-b2b8-ac1f6b6435d0,0 23
a216923e-bac7-11e8-b2b7-ac1f6b6435d0,11 25
a21d4d28-bacb-11e8-b2b8-ac1f6b6435d0,0 19 25
a22002ac-bacb-11e8-b2b8-ac1f6b6435d0,2 25
a225385a-bac9-11e8-b2b8-ac1f6b6435d0,0 23 25
a23a2674-bac5-11e8-b2b7-ac1f6b6435d0,0
a23dc24e-bac9-11e8-b2b8-ac1f6b6435d0,7 25
a2459592-bacd-11e8-b2b8-ac1f6b6435d0,14
a2463ff8-bada-11e8-b2b9-ac1f6b6435d0,0 25
a2469648-baca-11e8-b2b8-ac1f6b6435d0,0
a24b0fe8-baca-11e8-b2b8-ac1f6b6435d0,25
a25ccbea-bad7-11e8-b2b9-ac1f6b6435d0,21
a26e8b30-bac5-11e8-b2b7-ac1f6b6435d0,23
a2734fea-bace-11e8-b2b8-ac1f6b6435d0,21
a276fc06-bad5-11e8-b2b9-ac1f6b6435d0,14
a28cbcc6-bad0-11e8-b2b8-ac1f6b6435d0,0
a28d2bfc-bac6-11e8-b2b7-ac1f6b6435d0,4
a28d48cc-bad9-11e8-b2b9-ac1f6b6435d0,11 14
a2996632-bacc-11e8-b2b8-ac1f6b6435d0,0 21 25
a2a8e18c-bac9-11e8-b2b8-ac1f6b6435d0,0 2 3
a2ae05d8-bad6-11e8-b2b9-ac1f6b6435d0,0 23
a2ae777a-bac7-11e8-b2b7-ac1f6b6435d0,21
a2b42172-baca-11e8-b2b8-ac1f6b6435d0,12 21 25
a2b62a98-bad0-11e8-b2b8-ac1f6b6435d0,0 5
a2bc1480-bac6-11e8-b2b7-ac1f6b6435d0,0 2 25
a2bef982-bac8-11e8-b2b8-ac1f6b6435d0,0 21 25
a2c72ef8-bace-11e8-b2b8-ac1f6b6435d0,25
a2c8edf4-bad5-11e8-b2b9-ac1f6b6435d0,0 23 25
a2cce4f4-bad0-11e8-b2b8-ac1f6b6435d0,4 25
a2d0e6ca-bac7-11e8-b2b7-ac1f6b6435d0,23
a2d0eb7a-bad6-11e8-b2b9-ac1f6b6435d0,0 25
a2da3c9a-bac5-11e8-b2b7-ac1f6b6435d0,0 5 25
a2dbdba6-bad2-11e8-b2b8-ac1f6b6435d0,5 7 11 25
a2de0166-bad1-11e8-b2b8-ac1f6b6435d0,4 26
a2e5b6d2-bada-11e8-b2b9-ac1f6b6435d0,0 12
a2eb5da4-baca-11e8-b2b8-ac1f6b6435d0,0 24 25
a2f5e6a6-bad5-11e8-b2b9-ac1f6b6435d0,0 7
a300069a-bacb-11e8-b2b8-ac1f6b6435d0,0 7 25
a3007192-bac7-11e8-b2b7-ac1f6b6435d0,23
a3116db4-baca-11e8-b2b8-ac1f6b6435d0,7
a3144ca4-bad0-11e8-b2b8-ac1f6b6435d0,5
a317b0c6-bad3-11e8-b2b8-ac1f6b6435d0,0 23 25
a31be092-bace-11e8-b2b8-ac1f6b6435d0,0 25
a327904a-bac9-11e8-b2b8-ac1f6b6435d0,1 2
a32d0f88-bac5-11e8-b2b7-ac1f6b6435d0,0 2 25
a32f77f0-bad9-11e8-b2b9-ac1f6b6435d0,0 21 25
a3310660-bad9-11e8-b2b9-ac1f6b6435d0,0 2
a33b8582-bad3-11e8-b2b8-ac1f6b6435d0,0 18 25
a33e26f6-bac5-11e8-b2b7-ac1f6b6435d0,0 4 5 7 25
a348a67c-bad3-11e8-b2b8-ac1f6b6435d0,6 25
a34f5aec-bad5-11e8-b2b9-ac1f6b6435d0,0 21
a355a3b6-bad0-11e8-b2b8-ac1f6b6435d0,25
a35602d8-bac7-11e8-b2b7-ac1f6b6435d0,0 21 25
a357791c-bacf-11e8-b2b8-ac1f6b6435d0,0 21 25
a35c9910-baca-11e8-b2b8-ac1f6b6435d0,0
a3615914-bacf-11e8-b2b8-ac1f6b6435d0,7 24
a3618e72-bacd-11e8-b2b8-ac1f6b6435d0,0 25
a366f21c-bac9-11e8-b2b8-ac1f6b6435d0,17 18 25
a367d28c-bac8-11e8-b2b8-ac1f6b6435d0,0 12
a36a5512-bacc-11e8-b2b8-ac1f6b6435d0,0 21 25
a36c7068-bad6-11e8-b2b9-ac1f6b6435d0,0 25
a370fd24-baca-11e8-b2b8-ac1f6b6435d0,6 25
a372cb88-bac8-11e8-b2b8-ac1f6b6435d0,0 22
a374f884-bac5-11e8-b2b7-ac1f6b6435d0,0 25 26
a3758dbe-bad7-11e8-b2b9-ac1f6b6435d0,2 21 25
a37dac06-bad2-11e8-b2b8-ac1f6b6435d0,0
a37e84ac-bac6-11e8-b2b7-ac1f6b6435d0,0
a382177c-bac9-11e8-b2b8-ac1f6b6435d0,7
a388bee8-bad2-11e8-b2b8-ac1f6b6435d0,0 25
a3898d50-bad2-11e8-b2b8-ac1f6b6435d0,2 21
a38c5bdc-bacf-11e8-b2b8-ac1f6b6435d0,21 25
a38caf7c-bad6-11e8-b2b9-ac1f6b6435d0,0 25
a395847e-bad3-11e8-b2b8-ac1f6b6435d0,0 7 25
a39763f8-bad7-11e8-b2b9-ac1f6b6435d0,0 25
a39b6b1e-bad3-11e8-b2b8-ac1f6b6435d0,0 5
a39bc63a-bac5-11e8-b2b7-ac1f6b6435d0,0 25
a39cc5e4-bac5-11e8-b2b7-ac1f6b6435d0,18 19 25
a3a13e5e-bac9-11e8-b2b8-ac1f6b6435d0,0 23
a3a97fd6-bad0-11e8-b2b8-ac1f6b6435d0,22
a3ad71a2-bad7-11e8-b2b9-ac1f6b6435d0,0 23
a3af187a-bacf-11e8-b2b8-ac1f6b6435d0,0 21 22 25
a3b67e5a-bad2-11e8-b2b8-ac1f6b6435d0,0 20 26
a3c577fc-bad7-11e8-b2b9-ac1f6b6435d0,0 2 25
a3c83004-bace-11e8-b2b8-ac1f6b6435d0,17 21 25
a3cef454-bac7-11e8-b2b7-ac1f6b6435d0,20
a3d5f734-bad8-11e8-b2b9-ac1f6b6435d0,23
a3dfc9ba-bada-11e8-b2b9-ac1f6b6435d0,0
a3e0d0d6-bacf-11e8-b2b8-ac1f6b6435d0,5
a3e1294a-bada-11e8-b2b9-ac1f6b6435d0,0 22
a3e3d680-bad1-11e8-b2b8-ac1f6b6435d0,0 2 14 16 25
a3e7650c-bac7-11e8-b2b7-ac1f6b6435d0,7 23
a3ebfe6c-bace-11e8-b2b8-ac1f6b6435d0,0 2
a3ed407e-bad3-11e8-b2b8-ac1f6b6435d0,21
a3f89204-bad7-11e8-b2b9-ac1f6b6435d0,0 7 21 25
a3fb3030-bace-11e8-b2b8-ac1f6b6435d0,0 21 25
a402bc0c-bacd-11e8-b2b8-ac1f6b6435d0,0 25
a4087176-bad5-11e8-b2b9-ac1f6b6435d0,0 14 21 25
a40c0516-bad5-11e8-b2b9-ac1f6b6435d0,
a40c1338-bacd-11e8-b2b8-ac1f6b6435d0,0
a411a67a-bac5-11e8-b2b7-ac1f6b6435d0,0 12
a4287060-bac7-11e8-b2b7-ac1f6b6435d0,0 12
a4337d6c-bad5-11e8-b2b9-ac1f6b6435d0,0 2 25
a43c634e-bac8-11e8-b2b8-ac1f6b6435d0,0 18 25
a45301ce-bacf-11e8-b2b8-ac1f6b6435d0,0 4 21 25
a453aaae-bacd-11e8-b2b8-ac1f6b6435d0,0 25
a457e5ae-bad4-11e8-b2b8-ac1f6b6435d0,11 24
a45a0fba-bad8-11e8-b2b9-ac1f6b6435d0,21
a45dc936-bad6-11e8-b2b9-ac1f6b6435d0,0 23
a46524b8-bad8-11e8-b2b9-ac1f6b6435d0,0 4
a46942b4-bad3-11e8-b2b8-ac1f6b6435d0,0 25
a46b4ac2-bac5-11e8-b2b7-ac1f6b6435d0,0 1
a46fc37e-bad7-11e8-b2b9-ac1f6b6435d0,21 25
a47004e8-bacc-11e8-b2b8-ac1f6b6435d0,0 7 25
a4705954-bad9-11e8-b2b9-ac1f6b6435d0,2 3
a4758aca-bad2-11e8-b2b8-ac1f6b6435d0,19 25
a47b5cb6-bad2-11e8-b2b8-ac1f6b6435d0,22
a47c55da-bad2-11e8-b2b8-ac1f6b6435d0,0
a47eb56e-bad2-11e8-b2b8-ac1f6b6435d0,6 14
a4853be4-bacf-11e8-b2b8-ac1f6b6435d0,0 21 25
a488c620-bad8-11e8-b2b9-ac1f6b6435d0,0 19
a493086e-baca-11e8-b2b8-ac1f6b6435d0,0 25
a4a99b0e-bacc-11e8-b2b8-ac1f6b6435d0,0 21
a4ab620c-bad8-11e8-b2b9-ac1f6b6435d0,0 3
a4adbe20-bad4-11e8-b2b8-ac1f6b6435d0,0 2 25
a4b77124-bad7-11e8-b2b9-ac1f6b6435d0,23
a4c5b1c2-bad1-11e8-b2b8-ac1f6b6435d0,0 5 21
a4c9acfa-bac7-11e8-b2b7-ac1f6b6435d0,21 25
a4cfc124-bac9-11e8-b2b8-ac1f6b6435d0,2
a4d364d0-bad5-11e8-b2b9-ac1f6b6435d0,21 23
a4d3a5f2-bad1-11e8-b2b8-ac1f6b6435d0,0 21 25
a4e9f832-bad3-11e8-b2b8-ac1f6b6435d0,0 2 21 25
a4ebab20-bacc-11e8-b2b8-ac1f6b6435d0,0 21
a4f56c58-bad8-11e8-b2b9-ac1f6b6435d0,0 25
a504d72c-bacb-11e8-b2b8-ac1f6b6435d0,0 21
a50ee4dc-bac7-11e8-b2b7-ac1f6b6435d0,0 1 25
a51c3656-bada-11e8-b2b9-ac1f6b6435d0,0 25
a51c5602-bac8-11e8-b2b8-ac1f6b6435d0,25
a5278b68-bac7-11e8-b2b7-ac1f6b6435d0,0 23
a5289e74-baca-11e8-b2b8-ac1f6b6435d0,0
a52e13a2-bad1-11e8-b2b8-ac1f6b6435d0,0 11
a5360212-bad9-11e8-b2b9-ac1f6b6435d0,0 7
a5366b34-bad5-11e8-b2b9-ac1f6b6435d0,0 25 26
a53d5758-bacd-11e8-b2b8-ac1f6b6435d0,21 22
a53da740-bad6-11e8-b2b9-ac1f6b6435d0,0 4 25
a5432c5e-bace-11e8-b2b8-ac1f6b6435d0,25
a54575d0-bacf-11e8-b2b8-ac1f6b6435d0,21
a5484364-bad4-11e8-b2b8-ac1f6b6435d0,25
a551d272-bace-11e8-b2b8-ac1f6b6435d0,25
a552ffe2-bad0-11e8-b2b8-ac1f6b6435d0,7 23
a55a5546-bad3-11e8-b2b8-ac1f6b6435d0,0 25
a55ae8ac-bad4-11e8-b2b8-ac1f6b6435d0,0 23
a561de46-bad9-11e8-b2b9-ac1f6b6435d0,12 25
a567cbcc-bad8-11e8-b2b9-ac1f6b6435d0,21
a56b8d78-bada-11e8-b2b9-ac1f6b6435d0,23
a56d3f98-bacf-11e8-b2b8-ac1f6b6435d0,8 9
a56d933a-bacf-11e8-b2b8-ac1f6b6435d0,0 7 23
a57289c4-bad1-11e8-b2b8-ac1f6b6435d0,7
a5746d74-bac8-11e8-b2b8-ac1f6b6435d0,13
a57903ae-bada-11e8-b2b9-ac1f6b6435d0,0 19 25
a589e3d4-bac8-11e8-b2b8-ac1f6b6435d0,0
a5925fce-bacc-11e8-b2b8-ac1f6b6435d0,0 14 17
a59620b6-bacf-11e8-b2b8-ac1f6b6435d0,4
a598269e-bad5-11e8-b2b9-ac1f6b6435d0,0 2
a5996228-bad2-11e8-b2b8-ac1f6b6435d0,0 21 22
a5998dc0-bacd-11e8-b2b8-ac1f6b6435d0,0 19
a59d191e-bad1-11e8-b2b8-ac1f6b6435d0,0 25
a5a1273c-bace-11e8-b2b8-ac1f6b6435d0,0 14
a5abadb0-bace-11e8-b2b8-ac1f6b6435d0,0 21
a5acf126-bac8-11e8-b2b8-ac1f6b6435d0,0 1
a5b1d5e2-bad7-11e8-b2b9-ac1f6b6435d0,0 7 25
a5b29344-bac6-11e8-b2b7-ac1f6b6435d0,0 5 7 25
a5b2f734-bad1-11e8-b2b8-ac1f6b6435d0,0
a5b9a8f8-bac8-11e8-b2b8-ac1f6b6435d0,0 2 21 25
a5c16f84-bac8-11e8-b2b8-ac1f6b6435d0,0 7
a5c6b578-bad4-11e8-b2b8-ac1f6b6435d0,6
a5cdb5e4-bad9-11e8-b2b9-ac1f6b6435d0,0 25
a5da0f34-bac9-11e8-b2b8-ac1f6b6435d0,0 23
a5dd0ce6-bad5-11e8-b2b9-ac1f6b6435d0,6 25
a5e4f0b8-bad1-11e8-b2b8-ac1f6b6435d0,0 7 21
a5e7f7ec-baca-11e8-b2b8-ac1f6b6435d0,0 21 22
a5eaf59c-bad8-11e8-b2b9-ac1f6b6435d0,0 21
a5ee183c-bacc-11e8-b2b8-ac1f6b6435d0,21 25
a5fdf8f8-bad9-11e8-b2b9-ac1f6b6435d0,0 7 21 23 25
a5ff6e4a-baca-11e8-b2b8-ac1f6b6435d0,14 17
a6185534-bad1-11e8-b2b8-ac1f6b6435d0,0 19
a6186a6e-bacd-11e8-b2b8-ac1f6b6435d0,6
a61aaf74-bad0-11e8-b2b8-ac1f6b6435d0,0 21 25
a6224b0c-bac7-11e8-b2b7-ac1f6b6435d0,12 25
a6248822-bad6-11e8-b2b9-ac1f6b6435d0,6 25
a6298c94-bace-11e8-b2b8-ac1f6b6435d0,0 7
a6386fd6-bacc-11e8-b2b8-ac1f6b6435d0,0 7 21
a648fade-bace-11e8-b2b8-ac1f6b6435d0,4
a64a8ece-bac6-11e8-b2b7-ac1f6b6435d0,0 25
a64aa004-bad4-11e8-b2b8-ac1f6b6435d0,0 7
a64e1d06-baca-11e8-b2b8-ac1f6b6435d0,0 1
a64fe60e-baca-11e8-b2b8-ac1f6b6435d0,0 25
a65369f6-bac9-11e8-b2b8-ac1f6b6435d0,0
a6539422-bad7-11e8-b2b9-ac1f6b6435d0,0 1
a6587ad0-bad9-11e8-b2b9-ac1f6b6435d0,7
a6641dca-bad1-11e8-b2b8-ac1f6b6435d0,3 25
a6706d02-bad9-11e8-b2b9-ac1f6b6435d0,25
a6726dba-bac9-11e8-b2b8-ac1f6b6435d0,0 19
a674e366-bad2-11e8-b2b8-ac1f6b6435d0,0 3
a6788ae0-bad0-11e8-b2b8-ac1f6b6435d0,23
a67b1c76-bad3-11e8-b2b8-ac1f6b6435d0,23
a685ded0-bad4-11e8-b2b8-ac1f6b6435d0,14 16 17 25
a6895692-bad8-11e8-b2b9-ac1f6b6435d0,0 23 25
a68e8b7c-bac8-11e8-b2b8-ac1f6b6435d0,0 3
a68ff05a-bad4-11e8-b2b8-ac1f6b6435d0,0 17 25
a6996e0a-baca-11e8-b2b8-ac1f6b6435d0,0 25
a69d5c56-bacd-11e8-b2b8-ac1f6b6435d0,21 25
a6a4b640-bacd-11e8-b2b8-ac1f6b6435d0,0 21 25
a6a6cf48-bacd-11e8-b2b8-ac1f6b6435d0,0 25
a6a97d30-bac6-11e8-b2b7-ac1f6b6435d0,1 24
a6ab6e00-bad6-11e8-b2b9-ac1f6b6435d0,0 25
a6b247a8-bad5-11e8-b2b9-ac1f6b6435d0,0 21 22 25
a6c529cc-bad5-11e8-b2b9-ac1f6b6435d0,0 25
a6c830fa-bad9-11e8-b2b9-ac1f6b6435d0,0 21
a6cf410a-bacb-11e8-b2b8-ac1f6b6435d0,0 14 15 16
a6d7a8a8-bad6-11e8-b2b9-ac1f6b6435d0,7
a6d8752a-bac8-11e8-b2b8-ac1f6b6435d0,0 25
a6d931ea-bac8-11e8-b2b8-ac1f6b6435d0,0 21
a6e0d012-bac8-11e8-b2b8-ac1f6b6435d0,0 21
a6e361e4-bada-11e8-b2b9-ac1f6b6435d0,0 19
a6e69bea-bad3-11e8-b2b8-ac1f6b6435d0,0 21 25
a6ecea5c-bac6-11e8-b2b7-ac1f6b6435d0,0 25
a6fe64e6-bac9-11e8-b2b8-ac1f6b6435d0,0 23
a7005d26-bad0-11e8-b2b8-ac1f6b6435d0,0 2 5
a7122c0c-bac8-11e8-b2b8-ac1f6b6435d0,6 23
a7124fe6-bac5-11e8-b2b7-ac1f6b6435d0,0 11 23
a721e0ce-bac9-11e8-b2b8-ac1f6b6435d0,21
a72ba9e2-bac9-11e8-b2b8-ac1f6b6435d0,0 21 25
a72c296a-bada-11e8-b2b9-ac1f6b6435d0,21 25
a7349c08-bacb-11e8-b2b8-ac1f6b6435d0,2 14
a7372660-bacd-11e8-b2b8-ac1f6b6435d0,0
a738102e-bace-11e8-b2b8-ac1f6b6435d0,14
a73f022e-bad5-11e8-b2b9-ac1f6b6435d0,7 23
a742f28a-bac6-11e8-b2b7-ac1f6b6435d0,0 25
a7446926-bad5-11e8-b2b9-ac1f6b6435d0,2 25
a749279a-bad5-11e8-b2b9-ac1f6b6435d0,2
a74b4ec6-bad0-11e8-b2b8-ac1f6b6435d0,0 12 25
a74c5fa2-bac9-11e8-b2b8-ac1f6b6435d0,0 21 25
a74d31a0-bad0-11e8-b2b8-ac1f6b6435d0,0 20
a750ebd6-bac8-11e8-b2b8-ac1f6b6435d0,0
a7596926-bac5-11e8-b2b7-ac1f6b6435d0,0
a76a1718-bad8-11e8-b2b9-ac1f6b6435d0,17 25
a776a8a2-bad8-11e8-b2b9-ac1f6b6435d0,2 7
a77dee44-bacb-11e8-b2b8-ac1f6b6435d0,13
a785193e-bad6-11e8-b2b9-ac1f6b6435d0,0
a787cfb0-bace-11e8-b2b8-ac1f6b6435d0,0 5
a78c238a-bad3-11e8-b2b8-ac1f6b6435d0,0 25
a7914bee-bad8-11e8-b2b9-ac1f6b6435d0,0 5
a793ee26-bad3-11e8-b2b8-ac1f6b6435d0,0 21 25
a79a12c6-bad6-11e8-b2b9-ac1f6b6435d0,0 25
a7a5c47c-bac7-11e8-b2b7-ac1f6b6435d0,0 21 25
a7acddce-bad7-11e8-b2b9-ac1f6b6435d0,0 1
a7b741fa-bad3-11e8-b2b8-ac1f6b6435d0,0 7
a7c0ae28-bad5-11e8-b2b9-ac1f6b6435d0,11 24
a7c17cba-bac9-11e8-b2b8-ac1f6b6435d0,4 25 26
a7c81e1e-bad1-11e8-b2b8-ac1f6b6435d0,0 18 19 25
a7d6a2d4-bad8-11e8-b2b9-ac1f6b6435d0,0 7 23
a7d7565e-bac7-11e8-b2b7-ac1f6b6435d0,0 25
a7d98192-bad4-11e8-b2b8-ac1f6b6435d0,21 25
a7e9e53a-bad1-11e8-b2b8-ac1f6b6435d0,16 17 25
a7f2cb7e-bacb-11e8-b2b8-ac1f6b6435d0,0 13 22
a7f479a8-bad3-11e8-b2b8-ac1f6b6435d0,0 2 23
a7fac10c-bad6-11e8-b2b9-ac1f6b6435d0,0 1 2
a7fe59ea-bad4-11e8-b2b8-ac1f6b6435d0,0 23
a806ecea-bad9-11e8-b2b9-ac1f6b6435d0,0 25
a80752e8-bad9-11e8-b2b9-ac1f6b6435d0,0 5
a808ea72-bac5-11e8-b2b7-ac1f6b6435d0,0 2 7
a80cb5f2-bad0-11e8-b2b8-ac1f6b6435d0,21 25
a8128006-bad8-11e8-b2b9-ac1f6b6435d0,0 21
a817e68e-bad0-11e8-b2b8-ac1f6b6435d0,23
a81e363e-bacf-11e8-b2b8-ac1f6b6435d0,0 25
a81fe400-bad1-11e8-b2b8-ac1f6b6435d0,6 25
a823b276-baca-11e8-b2b8-ac1f6b6435d0,4 23
a82c70b8-bad0-11e8-b2b8-ac1f6b6435d0,0 18 19 25
a82da586-bad1-11e8-b2b8-ac1f6b6435d0,0 2 21
a8307b96-bac5-11e8-b2b7-ac1f6b6435d0,0
a836c5d4-bad2-11e8-b2b8-ac1f6b6435d0,11
a83df4a6-bad9-11e8-b2b9-ac1f6b6435d0,0 7 9
a83f276a-bad7-11e8-b2b9-ac1f6b6435d0,0 2
a842ea16-bace-11e8-b2b8-ac1f6b6435d0,0 2
a84373ae-bac5-11e8-b2b7-ac1f6b6435d0,0 7
a8447c72-bac5-11e8-b2b7-ac1f6b6435d0,0 2
a846be32-bad0-11e8-b2b8-ac1f6b6435d0,5
a84a1332-bad7-11e8-b2b9-ac1f6b6435d0,0 1 25
a854d130-baca-11e8-b2b8-ac1f6b6435d0,0 23 25
a8572ab6-baca-11e8-b2b8-ac1f6b6435d0,0 3
a858b2dc-bad4-11e8-b2b8-ac1f6b6435d0,7 23
a8598fa6-bad7-11e8-b2b9-ac1f6b6435d0,5
a85ad07c-bad3-11e8-b2b8-ac1f6b6435d0,0 5 21
a85cef1e-bac5-11e8-b2b7-ac1f6b6435d0,0 2 25
a865b528-bac9-11e8-b2b8-ac1f6b6435d0,0 21 25
a86c48ba-baca-11e8-b2b8-ac1f6b6435d0,12 21 25
a86c81aa-bad3-11e8-b2b8-ac1f6b6435d0,0 21
a87439b4-bacd-11e8-b2b8-ac1f6b6435d0,23
a87addaa-bac8-11e8-b2b8-ac1f6b6435d0,23 25
a87d5f10-bacf-11e8-b2b8-ac1f6b6435d0,25
a88bb45c-bad4-11e8-b2b8-ac1f6b6435d0,0 25
a88c6988-bad9-11e8-b2b9-ac1f6b6435d0,0 25
a890be70-bac5-11e8-b2b7-ac1f6b6435d0,18 19
a8986d4e-bad1-11e8-b2b8-ac1f6b6435d0,11
a89f74fc-bad8-11e8-b2b9-ac1f6b6435d0,0 18 19 25
a8a53318-bad0-11e8-b2b8-ac1f6b6435d0,0 25
a8a79640-bacf-11e8-b2b8-ac1f6b6435d0,0 25
a8a8b6ea-bacc-11e8-b2b8-ac1f6b6435d0,0 25
a8b44714-bac5-11e8-b2b7-ac1f6b6435d0,0 18
a8b9305c-bad0-11e8-b2b8-ac1f6b6435d0,0 25
a8c65486-bad9-11e8-b2b9-ac1f6b6435d0,0 2
a8cb59fe-bacf-11e8-b2b8-ac1f6b6435d0,0 12
a8cd26fe-bace-11e8-b2b8-ac1f6b6435d0,21 25
a8cd2db8-bac7-11e8-b2b7-ac1f6b6435d0,11
a8ce083c-bad1-11e8-b2b8-ac1f6b6435d0,0
a8cf316c-bac7-11e8-b2b7-ac1f6b6435d0,21
a8d0269e-bac7-11e8-b2b7-ac1f6b6435d0,0 25
a8d04b5c-bac6-11e8-b2b7-ac1f6b6435d0,0 14
a8d73536-bad8-11e8-b2b9-ac1f6b6435d0,0 23
a8dc0f76-bad7-11e8-b2b9-ac1f6b6435d0,0 25
a8ddd9a0-bad7-11e8-b2b9-ac1f6b6435d0,4 7 25
a8de456a-bace-11e8-b2b8-ac1f6b6435d0,0
a8e7a5d6-bada-11e8-b2b9-ac1f6b6435d0,0 21 25
a8eb1504-bad5-11e8-b2b9-ac1f6b6435d0,7 25
a8ebff72-bacc-11e8-b2b8-ac1f6b6435d0,0 21
a8ee3ce8-bac6-11e8-b2b7-ac1f6b6435d0,0 11
a8ef0436-bad3-11e8-b2b8-ac1f6b6435d0,0 20 26
a8f1db6a-bacf-11e8-b2b8-ac1f6b6435d0,0 21 22
a902cee4-bad3-11e8-b2b8-ac1f6b6435d0,21 25
a90441f0-bada-11e8-b2b9-ac1f6b6435d0,0 2
a9075e96-bac9-11e8-b2b8-ac1f6b6435d0,0 20
a907cc14-bac9-11e8-b2b8-ac1f6b6435d0,0 25
a90bbbe2-bad5-11e8-b2b9-ac1f6b6435d0,0
a90cdd38-bacb-11e8-b2b8-ac1f6b6435d0,0 3
a913964e-bacd-11e8-b2b8-ac1f6b6435d0,23 25
a91c6d20-bada-11e8-b2b9-ac1f6b6435d0,6
a91d5c48-bad1-11e8-b2b8-ac1f6b6435d0,0 2
a92093ca-bace-11e8-b2b8-ac1f6b6435d0,3
a9211684-bad7-11e8-b2b9-ac1f6b6435d0,0 25
a9273a90-bace-11e8-b2b8-ac1f6b6435d0,2 5
a93037cc-bad2-11e8-b2b8-ac1f6b6435d0,0 2
a931df54-bac9-11e8-b2b8-ac1f6b6435d0,0 25
a93bd3f2-bacd-11e8-b2b8-ac1f6b6435d0,0 21 25
a94b2fd8-bad6-11e8-b2b9-ac1f6b6435d0,0 2 15
a94caa30-bad5-11e8-b2b9-ac1f6b6435d0,0
a94d69e6-bac8-11e8-b2b8-ac1f6b6435d0,3
a9603114-bac5-11e8-b2b7-ac1f6b6435d0,0 7 25
a963c5de-bad6-11e8-b2b9-ac1f6b6435d0,0 5
a965dc5c-bacc-11e8-b2b8-ac1f6b6435d0,11
a96726b8-bad9-11e8-b2b9-ac1f6b6435d0,25
a97392d6-bad9-11e8-b2b9-ac1f6b6435d0,2 25
a97e058a-bad0-11e8-b2b8-ac1f6b6435d0,2 21 25
a98219e4-bacc-11e8-b2b8-ac1f6b6435d0,0 2
a9824184-bac8-11e8-b2b8-ac1f6b6435d0,25
a98a93ce-bace-11e8-b2b8-ac1f6b6435d0,19 25
a98b954c-bac6-11e8-b2b7-ac1f6b6435d0,5
a9907de4-bacd-11e8-b2b8-ac1f6b6435d0,0 1 21
a9937582-bac6-11e8-b2b7-ac1f6b6435d0,6
a9a1ce70-bacb-11e8-b2b8-ac1f6b6435d0,0 14
a9a2472a-baca-11e8-b2b8-ac1f6b6435d0,0 25 26
a9a6859e-bacd-11e8-b2b8-ac1f6b6435d0,0
a9aba836-bad1-11e8-b2b8-ac1f6b6435d0,7 25
a9b94a52-bad3-11e8-b2b8-ac1f6b6435d0,0 5 25
a9dbf6c4-bad8-11e8-b2b9-ac1f6b6435d0,18 19 25
a9ebdaba-bacb-11e8-b2b8-ac1f6b6435d0,0 18 19 25
a9ee72c0-bacb-11e8-b2b8-ac1f6b6435d0,0 1 25
a9efbd20-baca-11e8-b2b8-ac1f6b6435d0,0 18 19
a9f000b8-bad5-11e8-b2b9-ac1f6b6435d0,0 23
a9f1625a-bad0-11e8-b2b8-ac1f6b6435d0,25
aa0131c0-bac7-11e8-b2b7-ac1f6b6435d0,0 25
aa02cafa-bacf-11e8-b2b8-ac1f6b6435d0,0 2 25
aa097bb0-bad0-11e8-b2b8-ac1f6b6435d0,0 21 25
aa0cfaee-bac9-11e8-b2b8-ac1f6b6435d0,0
aa11baa8-bac8-11e8-b2b8-ac1f6b6435d0,0 2 7
aa149650-bad8-11e8-b2b9-ac1f6b6435d0,0 25
aa2b497a-bacb-11e8-b2b8-ac1f6b6435d0,0 2
aa2b81c4-bac6-11e8-b2b7-ac1f6b6435d0,0 25
aa2c0fb4-baca-11e8-b2b8-ac1f6b6435d0,0
aa30e452-bada-11e8-b2b9-ac1f6b6435d0,0 7
aa354140-bad6-11e8-b2b9-ac1f6b6435d0,0 5 7
aa3b2754-bac7-11e8-b2b7-ac1f6b6435d0,2 25
aa433d56-bad4-11e8-b2b8-ac1f6b6435d0,0 24 25
aa43de20-bad2-11e8-b2b8-ac1f6b6435d0,19
aa45019c-bad2-11e8-b2b8-ac1f6b6435d0,0
aa4e7de4-bad7-11e8-b2b9-ac1f6b6435d0,0 3
aa6412dc-bad0-11e8-b2b8-ac1f6b6435d0,3
aa678a50-bac8-11e8-b2b8-ac1f6b6435d0,25
aa74d014-bac5-11e8-b2b7-ac1f6b6435d0,0
aa7870aa-bacc-11e8-b2b8-ac1f6b6435d0,0 2
aa7d0da8-bad7-11e8-b2b9-ac1f6b6435d0,21 25
aa7f83a8-bad7-11e8-b2b9-ac1f6b6435d0,6 25
aa81b0dc-bad3-11e8-b2b8-ac1f6b6435d0,0 2
aa859248-bacd-11e8-b2b8-ac1f6b6435d0,0 18
aa94db5e-bad7-11e8-b2b9-ac1f6b6435d0,23
aa9f1cb0-bad5-11e8-b2b9-ac1f6b6435d0,8
aaa06442-bac8-11e8-b2b8-ac1f6b6435d0,0 24
aaaca460-bac7-11e8-b2b7-ac1f6b6435d0,0 25
aaaf40dc-bacf-11e8-b2b8-ac1f6b6435d0,7 21
aab8f734-bacb-11e8-b2b8-ac1f6b6435d0,0
aabfb2f8-bad1-11e8-b2b8-ac1f6b6435d0,0 1
aad20500-bac9-11e8-b2b8-ac1f6b6435d0,23
aad65490-bad1-11e8-b2b8-ac1f6b6435d0,0 4 5
aadfe4bc-baca-11e8-b2b8-ac1f6b6435d0,0 25
aae37cfe-bad3-11e8-b2b8-ac1f6b6435d0,0
aae5d88a-bac6-11e8-b2b7-ac1f6b6435d0,0 5 25
aaf5e58a-bac7-11e8-b2b7-ac1f6b6435d0,26
aaf8eb84-bac9-11e8-b2b8-ac1f6b6435d0,0 19
aafa767c-bacc-11e8-b2b8-ac1f6b6435d0,6 25
aafe9474-bad5-11e8-b2b9-ac1f6b6435d0,0 25
aaff2478-bacd-11e8-b2b8-ac1f6b6435d0,0 2 22 24
aaff55b2-bacb-11e8-b2b8-ac1f6b6435d0,3 25
ab01393a-bad6-11e8-b2b9-ac1f6b6435d0,0 1 2
ab01422a-bad3-11e8-b2b8-ac1f6b6435d0,0
ab0bd574-bacd-11e8-b2b8-ac1f6b6435d0,0 25
ab0cd0d8-bad1-11e8-b2b8-ac1f6b6435d0,0 25
ab13ed56-bac6-11e8-b2b7-ac1f6b6435d0,0 25
ab156fe2-bad4-11e8-b2b8-ac1f6b6435d0,0 25
ab17bd28-bad0-11e8-b2b8-ac1f6b6435d0,0 21 25
ab21443a-bad8-11e8-b2b9-ac1f6b6435d0,22 25
ab26a356-bada-11e8-b2b9-ac1f6b6435d0,0 3
ab2e7e96-bada-11e8-b2b9-ac1f6b6435d0,0 2 23 25
ab2f2af2-bac7-11e8-b2b7-ac1f6b6435d0,5 25
ab38697e-bacb-11e8-b2b8-ac1f6b6435d0,21
ab3a14d0-bad6-11e8-b2b9-ac1f6b6435d0,0 7 25
ab57c12a-bacb-11e8-b2b8-ac1f6b6435d0,0 21 25
ab5bf40c-bad5-11e8-b2b9-ac1f6b6435d0,0 5 25
ab5f5140-bacd-11e8-b2b8-ac1f6b6435d0,0 20
ab71cdbe-bac5-11e8-b2b7-ac1f6b6435d0,0 25
ab76dffa-bad6-11e8-b2b9-ac1f6b6435d0,4 21 25
ab7795e0-bacb-11e8-b2b8-ac1f6b6435d0,0 25
ab80dff4-bad7-11e8-b2b9-ac1f6b6435d0,0 16
ab85887a-bad1-11e8-b2b8-ac1f6b6435d0,14 16 17
ab8eb11e-bad3-11e8-b2b8-ac1f6b6435d0,26
ab9525e8-bac5-11e8-b2b7-ac1f6b6435d0,5
ab981c1c-bad4-11e8-b2b8-ac1f6b6435d0,0
ab98ab66-bad2-11e8-b2b8-ac1f6b6435d0,26
ab9b9c02-bad4-11e8-b2b8-ac1f6b6435d0,0 2 19
aba9d28a-bad0-11e8-b2b8-ac1f6b6435d0,0 26
abbed492-baca-11e8-b2b8-ac1f6b6435d0,25
abc00316-bad5-11e8-b2b9-ac1f6b6435d0,0 25
abc4212e-bac8-11e8-b2b8-ac1f6b6435d0,0 2 25
abc458a4-bad4-11e8-b2b8-ac1f6b6435d0,25
abcafa8c-bacb-11e8-b2b8-ac1f6b6435d0,0 25 26
abd1b584-bada-11e8-b2b9-ac1f6b6435d0,0 6 25
abd34862-bac7-11e8-b2b7-ac1f6b6435d0,0 21 25
abe417ee-bad8-11e8-b2b9-ac1f6b6435d0,3
abe63ace-bac9-11e8-b2b8-ac1f6b6435d0,0 21 25
abea4276-baca-11e8-b2b8-ac1f6b6435d0,0 21 25
abedb58a-bad6-11e8-b2b9-ac1f6b6435d0,0
abfae33e-bace-11e8-b2b8-ac1f6b6435d0,0 3
ac0315ee-baca-11e8-b2b8-ac1f6b6435d0,0 5
ac070ef6-bad9-11e8-b2b9-ac1f6b6435d0,25
ac0cf92c-bacc-11e8-b2b8-ac1f6b6435d0,0 25
ac109d66-bac7-11e8-b2b7-ac1f6b6435d0,12
ac144c0a-bada-11e8-b2b9-ac1f6b6435d0,0 2
ac15115c-bac7-11e8-b2b7-ac1f6b6435d0,0
ac153242-bacf-11e8-b2b8-ac1f6b6435d0,1
ac210dee-bad2-11e8-b2b8-ac1f6b6435d0,1
ac283a5e-bad4-11e8-b2b8-ac1f6b6435d0,14 16 17 25
ac344248-bad1-11e8-b2b8-ac1f6b6435d0,6
ac36d788-bac7-11e8-b2b7-ac1f6b6435d0,2 25
ac40166e-bada-11e8-b2b9-ac1f6b6435d0,25
ac497356-bacd-11e8-b2b8-ac1f6b6435d0,0 4
ac52ddf4-bad4-11e8-b2b8-ac1f6b6435d0,25
ac532fca-baca-11e8-b2b8-ac1f6b6435d0,19 25
ac542238-bad2-11e8-b2b8-ac1f6b6435d0,0 21 22
ac58594c-bace-11e8-b2b8-ac1f6b6435d0,21 25
ac5d6d26-bad1-11e8-b2b8-ac1f6b6435d0,6 25
ac77ab74-bada-11e8-b2b9-ac1f6b6435d0,3 7 23
ac7ecd8e-bac9-11e8-b2b8-ac1f6b6435d0,0
ac7f527a-bada-11e8-b2b9-ac1f6b6435d0,0 4 5
ac7fa654-baca-11e8-b2b8-ac1f6b6435d0,3
ac80b77c-bad6-11e8-b2b9-ac1f6b6435d0,6
ac8606c4-bac6-11e8-b2b7-ac1f6b6435d0,0 25
ac87e95e-bacf-11e8-b2b8-ac1f6b6435d0,0 2 7
ac8a5bb2-bad4-11e8-b2b8-ac1f6b6435d0,21 25
ac96914a-bad2-11e8-b2b8-ac1f6b6435d0,0 5 25
aca848c6-bace-11e8-b2b8-ac1f6b6435d0,7
acac776e-bad5-11e8-b2b9-ac1f6b6435d0,0 25
acb31e60-bacc-11e8-b2b8-ac1f6b6435d0,25
acb3a2c4-bacf-11e8-b2b8-ac1f6b6435d0,0 21 25
acbbe8a8-bad9-11e8-b2b9-ac1f6b6435d0,0 1 11
acc51844-bac8-11e8-b2b8-ac1f6b6435d0,0 22 25
acc65f18-bacf-11e8-b2b8-ac1f6b6435d0,23
accf9314-bad2-11e8-b2b8-ac1f6b6435d0,
acd1f816-bacd-11e8-b2b8-ac1f6b6435d0,0 11
acd2fef8-baca-11e8-b2b8-ac1f6b6435d0,1
acd8e448-bad0-11e8-b2b8-ac1f6b6435d0,0 19
ace6a196-bacb-11e8-b2b8-ac1f6b6435d0,0 25
ace8b59c-bad7-11e8-b2b9-ac1f6b6435d0,25
ace9ce46-bad7-11e8-b2b9-ac1f6b6435d0,2 14 16 17 25
acedd882-bad3-11e8-b2b8-ac1f6b6435d0,25
acee2768-bacb-11e8-b2b8-ac1f6b6435d0,0
acf20604-baca-11e8-b2b8-ac1f6b6435d0,0 2
acf9d9d4-bace-11e8-b2b8-ac1f6b6435d0,0 7
acfddaae-bad1-11e8-b2b8-ac1f6b6435d0,0 1 23
acffd8c0-bad3-11e8-b2b8-ac1f6b6435d0,0 1
ad013f5c-bad4-11e8-b2b8-ac1f6b6435d0,0 25
ad09efb6-bacb-11e8-b2b8-ac1f6b6435d0,0 11 24 25
ad0d1552-bacf-11e8-b2b8-ac1f6b6435d0,0 2 21 25
ad1c483c-bac6-11e8-b2b7-ac1f6b6435d0,0 25
ad1c5746-bada-11e8-b2b9-ac1f6b6435d0,0 3
ad1c81d4-bad1-11e8-b2b8-ac1f6b6435d0,11 23
ad21c86e-bac8-11e8-b2b8-ac1f6b6435d0,0 25
ad238d4e-bad6-11e8-b2b9-ac1f6b6435d0,23
ad2b6e04-bac9-11e8-b2b8-ac1f6b6435d0,7
ad37058a-bad2-11e8-b2b8-ac1f6b6435d0,0 25
ad4698d2-bace-11e8-b2b8-ac1f6b6435d0,0 25
ad482264-bac5-11e8-b2b7-ac1f6b6435d0,4 21
ad4ecb6a-bac9-11e8-b2b8-ac1f6b6435d0,0 7
ad59f45c-bac6-11e8-b2b7-ac1f6b6435d0,0 2
ad63890a-bad4-11e8-b2b8-ac1f6b6435d0,12
ad63d300-bad5-11e8-b2b9-ac1f6b6435d0,0 21
ad662d7e-bad2-11e8-b2b8-ac1f6b6435d0,23
ad67169a-bacc-11e8-b2b8-ac1f6b6435d0,0 21
ad772a2c-bada-11e8-b2b9-ac1f6b6435d0,12
ad774b5e-bad7-11e8-b2b9-ac1f6b6435d0,0 2
ad77aafe-bad2-11e8-b2b8-ac1f6b6435d0,0 25
ad7ac8bc-bacb-11e8-b2b8-ac1f6b6435d0,0
ad7e741e-bad3-11e8-b2b8-ac1f6b6435d0,0 1
ad80562a-bacf-11e8-b2b8-ac1f6b6435d0,0 7
ad84cc6c-bad1-11e8-b2b8-ac1f6b6435d0,0 23 25
ad89f734-bad4-11e8-b2b8-ac1f6b6435d0,0 21 23 25
ad8c0bda-bac7-11e8-b2b7-ac1f6b6435d0,0 2 25
ad9170de-bac7-11e8-b2b7-ac1f6b6435d0,0 16 22 25
ada5c24e-bad3-11e8-b2b8-ac1f6b6435d0,25
ada637b2-bad6-11e8-b2b9-ac1f6b6435d0,0 1 7 20
adab637e-bacf-11e8-b2b8-ac1f6b6435d0,0 25
adb22470-bacf-11e8-b2b8-ac1f6b6435d0,0 21 22
adb582da-bacc-11e8-b2b8-ac1f6b6435d0,19
adba667a-bad5-11e8-b2b9-ac1f6b6435d0,0 17 21 25
adc02ede-bac6-11e8-b2b7-ac1f6b6435d0,0 11 21
adc182fa-bad2-11e8-b2b8-ac1f6b6435d0,0 21 25
adc6bcba-bad8-11e8-b2b9-ac1f6b6435d0,12
add337b0-bad8-11e8-b2b9-ac1f6b6435d0,0 25
addaac94-bad7-11e8-b2b9-ac1f6b6435d0,5
addb9f64-bad2-11e8-b2b8-ac1f6b6435d0,0 5
addbcb56-bacd-11e8-b2b8-ac1f6b6435d0,0 2 12 25
added44a-bac8-11e8-b2b8-ac1f6b6435d0,0
ade4c31a-bac7-11e8-b2b7-ac1f6b6435d0,4
ade4e8ca-bad3-11e8-b2b8-ac1f6b6435d0,5
ade5ab40-bac7-11e8-b2b7-ac1f6b6435d0,13 22
ade8a70a-bacc-11e8-b2b8-ac1f6b6435d0,0 2
adea15a8-bacd-11e8-b2b8-ac1f6b6435d0,2 23
adec9dc8-bad7-11e8-b2b9-ac1f6b6435d0,0 2 25
adee92b8-bac8-11e8-b2b8-ac1f6b6435d0,0 8
adef4078-bad7-11e8-b2b9-ac1f6b6435d0,0 18 19 24
adf0896e-bace-11e8-b2b8-ac1f6b6435d0,0 11 24
adf393f2-bace-11e8-b2b8-ac1f6b6435d0,11
adf4233c-bacc-11e8-b2b8-ac1f6b6435d0,0 25
adf47390-bad7-11e8-b2b9-ac1f6b6435d0,18 19
adf768b4-bac5-11e8-b2b7-ac1f6b6435d0,7
adfa9e8e-bac6-11e8-b2b7-ac1f6b6435d0,0 5
ae040e5c-bacf-11e8-b2b8-ac1f6b6435d0,0 2 23
ae0b22d2-bad9-11e8-b2b9-ac1f6b6435d0,21
ae1d8c8c-bad0-11e8-b2b8-ac1f6b6435d0,0 7
ae232852-bad2-11e8-b2b8-ac1f6b6435d0,0 25
ae268176-bad9-11e8-b2b9-ac1f6b6435d0,0 16 17 25
ae28ff12-bad6-11e8-b2b9-ac1f6b6435d0,0 4
ae3065f2-bac9-11e8-b2b8-ac1f6b6435d0,0
ae309ef0-bad3-11e8-b2b8-ac1f6b6435d0,25
ae3599e0-bad9-11e8-b2b9-ac1f6b6435d0,0 21 23
ae386ae4-bad4-11e8-b2b8-ac1f6b6435d0,0 2 7
ae4597ba-bac9-11e8-b2b8-ac1f6b6435d0,0 25
ae4763a0-bad9-11e8-b2b9-ac1f6b6435d0,0 25
ae490416-bac6-11e8-b2b7-ac1f6b6435d0,0 25
ae4a4e70-bad5-11e8-b2b9-ac1f6b6435d0,21 25
ae4d4c94-bace-11e8-b2b8-ac1f6b6435d0,0 1 4 25
ae4f1e6e-bad0-11e8-b2b8-ac1f6b6435d0,0 1
ae528e8c-bacb-11e8-b2b8-ac1f6b6435d0,0 1
ae5637bc-bada-11e8-b2b9-ac1f6b6435d0,0 25
ae5c062a-bac5-11e8-b2b7-ac1f6b6435d0,0 5 19
ae6360be-bac5-11e8-b2b7-ac1f6b6435d0,0 1 2 7
ae65a214-bac7-11e8-b2b7-ac1f6b6435d0,0
ae7d0566-bac8-11e8-b2b8-ac1f6b6435d0,0 14 21
ae7d5062-bacc-11e8-b2b8-ac1f6b6435d0,0 5
ae829c6c-bad5-11e8-b2b9-ac1f6b6435d0,0 25
ae953172-bacd-11e8-b2b8-ac1f6b6435d0,21
ae9a3b7a-bacf-11e8-b2b8-ac1f6b6435d0,0 12 13 21
ae9a4f0c-bad4-11e8-b2b8-ac1f6b6435d0,0 16 17 25
aea10d3a-bad2-11e8-b2b8-ac1f6b6435d0,2 7
aea29804-bad6-11e8-b2b9-ac1f6b6435d0,0 25
aea32ad6-bada-11e8-b2b9-ac1f6b6435d0,0 19 25
aea3f2c0-bac8-11e8-b2b8-ac1f6b6435d0,0 25
aeab7f2e-bada-11e8-b2b9-ac1f6b6435d0,0 17 18
aeabe93c-bacb-11e8-b2b8-ac1f6b6435d0,0 1
aeaeb804-bac8-11e8-b2b8-ac1f6b6435d0,0 23
aeafa9c4-bac5-11e8-b2b7-ac1f6b6435d0,23 25
aeb0583e-bace-11e8-b2b8-ac1f6b6435d0,1 5
aeb9542a-bad8-11e8-b2b9-ac1f6b6435d0,0 21 25
aebf8f5e-bad6-11e8-b2b9-ac1f6b6435d0,0 4
aec0bf0e-bac8-11e8-b2b8-ac1f6b6435d0,0 25
aec1dd5e-bad6-11e8-b2b9-ac1f6b6435d0,2 3
aec34ecc-bad2-11e8-b2b8-ac1f6b6435d0,0 2 25
aec401f2-bad5-11e8-b2b9-ac1f6b6435d0,0 19 25
aec4415e-bad9-11e8-b2b9-ac1f6b6435d0,2 25
aecec042-bad0-11e8-b2b8-ac1f6b6435d0,7 23
aed6b288-bad1-11e8-b2b8-ac1f6b6435d0,0 18 25
aee0ecb4-bacf-11e8-b2b8-ac1f6b6435d0,0 2 25
aee23164-bacf-11e8-b2b8-ac1f6b6435d0,4
aee61e56-bad8-11e8-b2b9-ac1f6b6435d0,25
aee80558-bad9-11e8-b2b9-ac1f6b6435d0,2
aeeac716-bac5-11e8-b2b7-ac1f6b6435d0,0 5
aeeb3976-bac5-11e8-b2b7-ac1f6b6435d0,0
aeecccb0-bad8-11e8-b2b9-ac1f6b6435d0,2
aef14e56-baca-11e8-b2b8-ac1f6b6435d0,0 4 25
aef2dfc0-bacd-11e8-b2b8-ac1f6b6435d0,2 16 17 25
aef86482-bac7-11e8-b2b7-ac1f6b6435d0,0
aef91fd2-bad9-11e8-b2b9-ac1f6b6435d0,0 25
aeff44c2-bad2-11e8-b2b8-ac1f6b6435d0,5 25
af139580-bad2-11e8-b2b8-ac1f6b6435d0,0 25
af161cf0-bad8-11e8-b2b9-ac1f6b6435d0,0 7
af172184-bada-11e8-b2b9-ac1f6b6435d0,5
af179292-bace-11e8-b2b8-ac1f6b6435d0,19
af18aa82-bacf-11e8-b2b8-ac1f6b6435d0,6 25
af1c877e-bad4-11e8-b2b8-ac1f6b6435d0,25
af2177a0-bacc-11e8-b2b8-ac1f6b6435d0,0 24
af2190b0-bada-11e8-b2b9-ac1f6b6435d0,14 16 17
af247ed4-baca-11e8-b2b8-ac1f6b6435d0,0
af26fd20-bac6-11e8-b2b7-ac1f6b6435d0,0 25
af29b4ba-bad1-11e8-b2b8-ac1f6b6435d0,11 25
af2c5f2e-bac9-11e8-b2b8-ac1f6b6435d0,14 25
af2e136a-bac8-11e8-b2b8-ac1f6b6435d0,25
af32f618-bad8-11e8-b2b9-ac1f6b6435d0,0 25
af3f53e8-bacb-11e8-b2b8-ac1f6b6435d0,5
af49bd7a-bad9-11e8-b2b9-ac1f6b6435d0,19 25
af5cfd90-baca-11e8-b2b8-ac1f6b6435d0,0 2
af603146-bace-11e8-b2b8-ac1f6b6435d0,0 23
af619c84-bace-11e8-b2b8-ac1f6b6435d0,0 7 23
af649746-bacd-11e8-b2b8-ac1f6b6435d0,0 2 11
af72db14-bac6-11e8-b2b7-ac1f6b6435d0,0
af766492-bad4-11e8-b2b8-ac1f6b6435d0,4 5
af794430-bad6-11e8-b2b9-ac1f6b6435d0,0 23
af79bce4-bad6-11e8-b2b9-ac1f6b6435d0,21 23
af81fe6a-bad9-11e8-b2b9-ac1f6b6435d0,0 4
af8e1c12-bacb-11e8-b2b8-ac1f6b6435d0,0 25
af9b545c-bad2-11e8-b2b8-ac1f6b6435d0,0 23
af9f5ac0-bad2-11e8-b2b8-ac1f6b6435d0,0 2 25
afa34fc8-bacc-11e8-b2b8-ac1f6b6435d0,0 11
afb0db76-bacb-11e8-b2b8-ac1f6b6435d0,0 21 22
afb340c2-bacc-11e8-b2b8-ac1f6b6435d0,12
afb6ce9c-baca-11e8-b2b8-ac1f6b6435d0,2 25
afb852d8-bad6-11e8-b2b9-ac1f6b6435d0,19 25
afbbba78-bad0-11e8-b2b8-ac1f6b6435d0,0 2 25
afd4170c-bad1-11e8-b2b8-ac1f6b6435d0,0 16
afda31c4-bad0-11e8-b2b8-ac1f6b6435d0,0
aff05412-bac7-11e8-b2b7-ac1f6b6435d0,0 2 3 25
aff188b4-bacc-11e8-b2b8-ac1f6b6435d0,4
aff6abdc-bad1-11e8-b2b8-ac1f6b6435d0,0 14 17 21 25
affc9256-baca-11e8-b2b8-ac1f6b6435d0,21
afff6652-bad4-11e8-b2b8-ac1f6b6435d0,0 2 3
b0029560-bad5-11e8-b2b9-ac1f6b6435d0,21
b0102252-bac6-11e8-b2b7-ac1f6b6435d0,7 25
b0106b38-bad3-11e8-b2b8-ac1f6b6435d0,0 7 25
b010a46a-bad1-11e8-b2b8-ac1f6b6435d0,0 14
b01d35b4-bac6-11e8-b2b7-ac1f6b6435d0,0
b01d6a30-bacf-11e8-b2b8-ac1f6b6435d0,0 25
b01d8da2-bac6-11e8-b2b7-ac1f6b6435d0,0 25
b029f372-bad9-11e8-b2b9-ac1f6b6435d0,25
b0300df0-bacc-11e8-b2b8-ac1f6b6435d0,9 20
b0311220-bac9-11e8-b2b8-ac1f6b6435d0,21
b040b896-bad9-11e8-b2b9-ac1f6b6435d0,0 7 25
b0411bde-bad8-11e8-b2b9-ac1f6b6435d0,0 1
b04c3062-bada-11e8-b2b9-ac1f6b6435d0,24
b04d6e12-bad7-11e8-b2b9-ac1f6b6435d0,0 2
b05c9e7e-bacc-11e8-b2b8-ac1f6b6435d0,6 25
b05ceb06-bacf-11e8-b2b8-ac1f6b6435d0,20
b0628f98-bacf-11e8-b2b8-ac1f6b6435d0,0 2 25
b063bd9c-bad3-11e8-b2b8-ac1f6b6435d0,0 7
b072377a-bacc-11e8-b2b8-ac1f6b6435d0,0 2 23
b0742f50-bad9-11e8-b2b9-ac1f6b6435d0,0 25
b075ee28-bad2-11e8-b2b8-ac1f6b6435d0,0 21 25
b0770e76-bad6-11e8-b2b9-ac1f6b6435d0,4 25
b0790b18-bacc-11e8-b2b8-ac1f6b6435d0,5 24 25
b07b7c48-bad8-11e8-b2b9-ac1f6b6435d0,5 7
b080686a-bad4-11e8-b2b8-ac1f6b6435d0,11
b080e79a-bacf-11e8-b2b8-ac1f6b6435d0,0 18 19 25
b0953bfa-bad9-11e8-b2b9-ac1f6b6435d0,25
b0985700-bac9-11e8-b2b8-ac1f6b6435d0,0 21
b09d3a50-bad2-11e8-b2b8-ac1f6b6435d0,0 25
b09f591a-bad3-11e8-b2b8-ac1f6b6435d0,0 2
b0a02be8-bad2-11e8-b2b8-ac1f6b6435d0,0 25
b0a38792-bad3-11e8-b2b8-ac1f6b6435d0,0
b0a6cea2-bac9-11e8-b2b8-ac1f6b6435d0,0
b0a6d9f4-bac6-11e8-b2b7-ac1f6b6435d0,0 7 25
b0b02756-bad6-11e8-b2b9-ac1f6b6435d0,7 11
b0bead26-bac7-11e8-b2b7-ac1f6b6435d0,0 7 25
b0ccd040-bad6-11e8-b2b9-ac1f6b6435d0,0 2 21 25
b0d0144a-bada-11e8-b2b9-ac1f6b6435d0,12 21
b0d15614-bac8-11e8-b2b8-ac1f6b6435d0,0 7 25
b0d19882-bad1-11e8-b2b8-ac1f6b6435d0,3
b0ec2f7e-bac9-11e8-b2b8-ac1f6b6435d0,23 25
b0f19712-bacd-11e8-b2b8-ac1f6b6435d0,0 2 25
b0f6e2cc-bacc-11e8-b2b8-ac1f6b6435d0,0 21 25
b0f897f2-bad6-11e8-b2b9-ac1f6b6435d0,6 21 25
b102e028-bad5-11e8-b2b9-ac1f6b6435d0,6 25
b10fdbf2-bada-11e8-b2b9-ac1f6b6435d0,26
b1134e1a-bac9-11e8-b2b8-ac1f6b6435d0,5
b11ec0fe-bad5-11e8-b2b9-ac1f6b6435d0,0 21 25
b1230c46-bac5-11e8-b2b7-ac1f6b6435d0,0 2 12 25
b1346c40-bad2-11e8-b2b8-ac1f6b6435d0,0 25
b13703d0-bacb-11e8-b2b8-ac1f6b6435d0,0 25
b13a174e-bac8-11e8-b2b8-ac1f6b6435d0,0 2
b140509c-bac7-11e8-b2b7-ac1f6b6435d0,0 2
b1451bca-bace-11e8-b2b8-ac1f6b6435d0,0 2
b152ecb6-bad6-11e8-b2b9-ac1f6b6435d0,7 25
b1594fca-bad1-11e8-b2b8-ac1f6b6435d0,7
b159ea28-bad8-11e8-b2b9-ac1f6b6435d0,2 14
b159eb52-bada-11e8-b2b9-ac1f6b6435d0,17 18 25
b15e17be-bac5-11e8-b2b7-ac1f6b6435d0,26
b1707416-bac7-11e8-b2b7-ac1f6b6435d0,0 25
b17e0762-bacb-11e8-b2b8-ac1f6b6435d0,11
b1803f54-bac7-11e8-b2b7-ac1f6b6435d0,0 25
b1811d9e-bad5-11e8-b2b9-ac1f6b6435d0,0 25
b18bbf74-bacb-11e8-b2b8-ac1f6b6435d0,18 19
b18eccee-bad2-11e8-b2b8-ac1f6b6435d0,25
b19097da-bac9-11e8-b2b8-ac1f6b6435d0,0 5 19
b190bc22-bac6-11e8-b2b7-ac1f6b6435d0,0 7 25
b193d436-bad8-11e8-b2b9-ac1f6b6435d0,7 23 25
b194f394-bacd-11e8-b2b8-ac1f6b6435d0,1 4
b1972dbc-bad7-11e8-b2b9-ac1f6b6435d0,2 25
b1992626-bad7-11e8-b2b9-ac1f6b6435d0,12
b19e05a6-bacd-11e8-b2b8-ac1f6b6435d0,0 25
b1b49b52-bad9-11e8-b2b9-ac1f6b6435d0,0 25
b1b4e284-bac9-11e8-b2b8-ac1f6b6435d0,4 23 25
b1bc63e2-bad8-11e8-b2b9-ac1f6b6435d0,0 3 7
b1c07c26-bac8-11e8-b2b8-ac1f6b6435d0,0 25
b1e2ec80-bacc-11e8-b2b8-ac1f6b6435d0,0 21 25
b1ea6592-bada-11e8-b2b9-ac1f6b6435d0,25
b1ef5366-bad7-11e8-b2b9-ac1f6b6435d0,0 21 25
b1f83eec-bad5-11e8-b2b9-ac1f6b6435d0,0 21 25
b1fbcca2-baca-11e8-b2b8-ac1f6b6435d0,0 25
b201e684-bac8-11e8-b2b8-ac1f6b6435d0,23 25
b205ed2e-bad7-11e8-b2b9-ac1f6b6435d0,0 25
b21f908a-bac8-11e8-b2b8-ac1f6b6435d0,5 7
b220c7c2-bacb-11e8-b2b8-ac1f6b6435d0,19 23
b220dd64-bad2-11e8-b2b8-ac1f6b6435d0,0 25
b221bc52-bac8-11e8-b2b8-ac1f6b6435d0,1
b22506c0-bad0-11e8-b2b8-ac1f6b6435d0,0 18
b228c966-bacd-11e8-b2b8-ac1f6b6435d0,0 2 4 25
b22a4332-bad1-11e8-b2b8-ac1f6b6435d0,0 1
b2319ed2-bad8-11e8-b2b9-ac1f6b6435d0,14 17 25
b2376480-bacd-11e8-b2b8-ac1f6b6435d0,0 25
b238ea42-bad9-11e8-b2b9-ac1f6b6435d0,0 25
b2396766-bace-11e8-b2b8-ac1f6b6435d0,12 25
b23c77f6-bacb-11e8-b2b8-ac1f6b6435d0,0 25
b24f7e94-bac8-11e8-b2b8-ac1f6b6435d0,14
b252cb56-baca-11e8-b2b8-ac1f6b6435d0,21 25
b256bf5e-bad9-11e8-b2b9-ac1f6b6435d0,0 5 25
b25e8ad8-bacd-11e8-b2b8-ac1f6b6435d0,0 25
b260f1da-bada-11e8-b2b9-ac1f6b6435d0,0 5 25
b268d1f2-bad0-11e8-b2b8-ac1f6b6435d0,0 1 25
b26d65a2-bace-11e8-b2b8-ac1f6b6435d0,0 19
b27155ee-bad4-11e8-b2b8-ac1f6b6435d0,0 4 25
b2716c46-bac5-11e8-b2b7-ac1f6b6435d0,21 23 25
b278d1d4-bad4-11e8-b2b8-ac1f6b6435d0,0 25
b2793256-bad3-11e8-b2b8-ac1f6b6435d0,0 22
b27e2d62-bac7-11e8-b2b7-ac1f6b6435d0,11
b2864aa0-bacd-11e8-b2b8-ac1f6b6435d0,18 19 25
b28891c2-bad0-11e8-b2b8-ac1f6b6435d0,0 5
b28da59e-bad6-11e8-b2b9-ac1f6b6435d0,23
b2925812-bace-11e8-b2b8-ac1f6b6435d0,21 22
b2955844-bad0-11e8-b2b8-ac1f6b6435d0,0 18 25
b29caf2c-bad0-11e8-b2b8-ac1f6b6435d0,0
b2ac4dc8-bac7-11e8-b2b7-ac1f6b6435d0,0 2 22
b2ae266c-bad0-11e8-b2b8-ac1f6b6435d0,0 2 3
b2b27162-bacc-11e8-b2b8-ac1f6b6435d0,0 21
b2b49920-bac6-11e8-b2b7-ac1f6b6435d0,5 25
b2b5b708-bac9-11e8-b2b8-ac1f6b6435d0,0 25
b2b87600-bace-11e8-b2b8-ac1f6b6435d0,0 5 25
b2bdb316-bac6-11e8-b2b7-ac1f6b6435d0,21 25
b2cdcee2-bad8-11e8-b2b9-ac1f6b6435d0,0 2
b2cdde94-bacb-11e8-b2b8-ac1f6b6435d0,2
b2de051e-bace-11e8-b2b8-ac1f6b6435d0,0 25
b2e36058-bacf-11e8-b2b8-ac1f6b6435d0,0 1 2
b2e59380-bad1-11e8-b2b8-ac1f6b6435d0,0 12 25
b2ee0048-bad5-11e8-b2b9-ac1f6b6435d0,0 21 25
b2f22efe-bace-11e8-b2b8-ac1f6b6435d0,0 4 21 25
b2f3e52c-bac5-11e8-b2b7-ac1f6b6435d0,0 2 21 22
b2f40e70-bad5-11e8-b2b9-ac1f6b6435d0,4
b2ff48ae-bac5-11e8-b2b7-ac1f6b6435d0,2 25
b300eaf6-baca-11e8-b2b8-ac1f6b6435d0,7
b302055c-bac6-11e8-b2b7-ac1f6b6435d0,25
b30fb19a-bace-11e8-b2b8-ac1f6b6435d0,2
b3185f34-bad3-11e8-b2b8-ac1f6b6435d0,0 23 25
b31b7e42-bac6-11e8-b2b7-ac1f6b6435d0,7
b321ae16-bac6-11e8-b2b7-ac1f6b6435d0,23 25
b322915e-bad6-11e8-b2b9-ac1f6b6435d0,23
b32656de-bac9-11e8-b2b8-ac1f6b6435d0,0 2
b328c428-bac9-11e8-b2b8-ac1f6b6435d0,0 23
b32b6d04-bace-11e8-b2b8-ac1f6b6435d0,22
b32be604-bacd-11e8-b2b8-ac1f6b6435d0,0 25
b32dd958-bad9-11e8-b2b9-ac1f6b6435d0,0 25
b335ded2-baca-11e8-b2b8-ac1f6b6435d0,0 2 3
b33ae170-bac5-11e8-b2b7-ac1f6b6435d0,0 25
b342997a-bace-11e8-b2b8-ac1f6b6435d0,0 2 25
b346e05a-bada-11e8-b2b9-ac1f6b6435d0,0 3
b348cab4-bad0-11e8-b2b8-ac1f6b6435d0,21
b34ed666-bac6-11e8-b2b7-ac1f6b6435d0,2 21
b3507f3a-bac5-11e8-b2b7-ac1f6b6435d0,3
b35260dc-bac7-11e8-b2b7-ac1f6b6435d0,0 21 25
b35fe682-bad9-11e8-b2b9-ac1f6b6435d0,0 16 17 25
b360f506-bac8-11e8-b2b8-ac1f6b6435d0,1
b36279d4-bad8-11e8-b2b9-ac1f6b6435d0,0 25
b3643b1e-bada-11e8-b2b9-ac1f6b6435d0,0 4 25
b3685d58-baca-11e8-b2b8-ac1f6b6435d0,0
b3695020-bacd-11e8-b2b8-ac1f6b6435d0,0 4 19 23 25
b371b9ae-bad7-11e8-b2b9-ac1f6b6435d0,0 11 16
b37d19de-bac8-11e8-b2b8-ac1f6b6435d0,7
b3818872-bad0-11e8-b2b8-ac1f6b6435d0,23 25
b3888f6c-bad7-11e8-b2b9-ac1f6b6435d0,23
b38c1168-bac9-11e8-b2b8-ac1f6b6435d0,0 1
b38ef6e6-bad1-11e8-b2b8-ac1f6b6435d0,0 25
b39ae282-bad4-11e8-b2b8-ac1f6b6435d0,0 25
b39e21cc-bad4-11e8-b2b8-ac1f6b6435d0,21
b39fe56c-bad8-11e8-b2b9-ac1f6b6435d0,0 13
b3ad5b0a-bac6-11e8-b2b7-ac1f6b6435d0,0 4 5 25
b3ce3460-bacb-11e8-b2b8-ac1f6b6435d0,0 2 23 25
b3d0882c-bad6-11e8-b2b9-ac1f6b6435d0,5 24
b3d0c56a-bad8-11e8-b2b9-ac1f6b6435d0,
b3da34fe-bacb-11e8-b2b8-ac1f6b6435d0,0 14
b3e297e0-bace-11e8-b2b8-ac1f6b6435d0,0 2 11 25
b3e3dae2-bad3-11e8-b2b8-ac1f6b6435d0,0 2
b3e9c064-bad4-11e8-b2b8-ac1f6b6435d0,0
b3ed8dc6-bac9-11e8-b2b8-ac1f6b6435d0,25
b3fc0b6a-bacb-11e8-b2b8-ac1f6b6435d0,0 25
b40041e8-bac7-11e8-b2b7-ac1f6b6435d0,8
b4038cc8-bad5-11e8-b2b9-ac1f6b6435d0,0 20
b4091810-bac5-11e8-b2b7-ac1f6b6435d0,0
b40c163e-bad7-11e8-b2b9-ac1f6b6435d0,0 5
b40cbd06-bacc-11e8-b2b8-ac1f6b6435d0,0 2
b40ddc08-bac8-11e8-b2b8-ac1f6b6435d0,0 25
b40ee0ea-bac7-11e8-b2b7-ac1f6b6435d0,
b42333bc-baca-11e8-b2b8-ac1f6b6435d0,0 21 25
b42bbd00-bacc-11e8-b2b8-ac1f6b6435d0,4
b42c7ac6-bacf-11e8-b2b8-ac1f6b6435d0,12
b43493dc-bac5-11e8-b2b7-ac1f6b6435d0,0 2
b434c26a-bad1-11e8-b2b8-ac1f6b6435d0,0 25
b4362328-bad9-11e8-b2b9-ac1f6b6435d0,0 2
b437279c-bac9-11e8-b2b8-ac1f6b6435d0,0 18
b440eb68-bad0-11e8-b2b8-ac1f6b6435d0,5
b4453bbe-bad0-11e8-b2b8-ac1f6b6435d0,0
b44bb53a-bad9-11e8-b2b9-ac1f6b6435d0,0 24 25
b455ab2c-bad8-11e8-b2b9-ac1f6b6435d0,21 22
b45fa68a-bad9-11e8-b2b9-ac1f6b6435d0,19 21
b46bafd4-bacf-11e8-b2b8-ac1f6b6435d0,25
b46f3f30-bad1-11e8-b2b8-ac1f6b6435d0,7
b47007ae-bacb-11e8-b2b8-ac1f6b6435d0,0 25
b474b954-bace-11e8-b2b8-ac1f6b6435d0,0 25
b477491a-bada-11e8-b2b9-ac1f6b6435d0,0 25
b478cc78-bad4-11e8-b2b8-ac1f6b6435d0,0 16
b490345a-bacd-11e8-b2b8-ac1f6b6435d0,0 7 25
b49271ee-bad1-11e8-b2b8-ac1f6b6435d0,0 25
b497dac2-bac6-11e8-b2b7-ac1f6b6435d0,0 5
b49b08fa-bad5-11e8-b2b9-ac1f6b6435d0,0 7
b49db592-baca-11e8-b2b8-ac1f6b6435d0,3 25
b49fadae-bad7-11e8-b2b9-ac1f6b6435d0,5
b4aa0d0e-bac7-11e8-b2b7-ac1f6b6435d0,21 25
b4aa9e0c-bace-11e8-b2b8-ac1f6b6435d0,12
b4b1a21c-bacc-11e8-b2b8-ac1f6b6435d0,0 1 25
b4b49b18-bac5-11e8-b2b7-ac1f6b6435d0,2
b4b666e0-bad5-11e8-b2b9-ac1f6b6435d0,6
b4b81910-bad8-11e8-b2b9-ac1f6b6435d0,19 23
b4b93a96-bad5-11e8-b2b9-ac1f6b6435d0,25 26
b4c1adc6-baca-11e8-b2b8-ac1f6b6435d0,0 14
b4c5da60-bac8-11e8-b2b8-ac1f6b6435d0,0 25
b4c86aa8-bad9-11e8-b2b9-ac1f6b6435d0,0 25
b4d77ac8-bad6-11e8-b2b9-ac1f6b6435d0,25
b4e76980-bad4-11e8-b2b8-ac1f6b6435d0,0 2 21
b4e88a5a-bace-11e8-b2b8-ac1f6b6435d0,0 1 25
b4eea80a-bad2-11e8-b2b8-ac1f6b6435d0,21 22
b4f27ff6-bad3-11e8-b2b8-ac1f6b6435d0,0 16 17 25
b4f2d3cc-bad6-11e8-b2b9-ac1f6b6435d0,0 13 22
b4fc3662-bad9-11e8-b2b9-ac1f6b6435d0,6
b500b1a6-bad4-11e8-b2b8-ac1f6b6435d0,0
b50acf26-bad7-11e8-b2b9-ac1f6b6435d0,0 12
b5129e7a-bac5-11e8-b2b7-ac1f6b6435d0,0 7
b516d91a-bac8-11e8-b2b8-ac1f6b6435d0,0 7 21
b51bc800-bacb-11e8-b2b8-ac1f6b6435d0,0 25
b52035ba-bad1-11e8-b2b8-ac1f6b6435d0,3 5
b52bc6b6-bacf-11e8-b2b8-ac1f6b6435d0,0 16 17 25
b52c1a34-bad0-11e8-b2b8-ac1f6b6435d0,0 25
b52dc168-bac6-11e8-b2b7-ac1f6b6435d0,0
b532048c-bad8-11e8-b2b9-ac1f6b6435d0,4
b534d878-bad4-11e8-b2b8-ac1f6b6435d0,0 14 21
b5354c48-bad6-11e8-b2b9-ac1f6b6435d0,7 21
b53acbc4-bad5-11e8-b2b9-ac1f6b6435d0,23
b53c8b22-bacf-11e8-b2b8-ac1f6b6435d0,0 25
b53cff98-bada-11e8-b2b9-ac1f6b6435d0,0 2 25
b54b3c7c-bac9-11e8-b2b8-ac1f6b6435d0,7
b54e8446-bacd-11e8-b2b8-ac1f6b6435d0,13 25
b55e238a-bacb-11e8-b2b8-ac1f6b6435d0,0 23
b55f1f8c-bac7-11e8-b2b7-ac1f6b6435d0,0 21
b5639218-bad3-11e8-b2b8-ac1f6b6435d0,17 18 25
b572e45a-bac6-11e8-b2b7-ac1f6b6435d0,12 21
b5764aca-bace-11e8-b2b8-ac1f6b6435d0,2 14
b5837ec2-bacc-11e8-b2b8-ac1f6b6435d0,0 25
b5966f00-bad6-11e8-b2b9-ac1f6b6435d0,0 25
b59c0142-bad4-11e8-b2b8-ac1f6b6435d0,0
b59ea3cc-bac8-11e8-b2b8-ac1f6b6435d0,0 11
b59efdd0-bad3-11e8-b2b8-ac1f6b6435d0,0 7 21 25
b59f6694-bad8-11e8-b2b9-ac1f6b6435d0,0 2
b5aba1ba-bac5-11e8-b2b7-ac1f6b6435d0,0
b5b3b750-bad5-11e8-b2b9-ac1f6b6435d0,23
b5c491bc-bac9-11e8-b2b8-ac1f6b6435d0,17 25
b5e77eb2-bac8-11e8-b2b8-ac1f6b6435d0,0 21
b5ea7dfa-bad3-11e8-b2b8-ac1f6b6435d0,0 19
b5ecaa48-baca-11e8-b2b8-ac1f6b6435d0,0 19
b5f0b502-bac5-11e8-b2b7-ac1f6b6435d0,4 25
b5f1734c-bacb-11e8-b2b8-ac1f6b6435d0,7
b5f1bb34-bacd-11e8-b2b8-ac1f6b6435d0,7 25
b5f4465a-bad8-11e8-b2b9-ac1f6b6435d0,4
b5f4c88c-bace-11e8-b2b8-ac1f6b6435d0,12 13 25
b5f922a4-bac6-11e8-b2b7-ac1f6b6435d0,2 25
b5f9d594-bacd-11e8-b2b8-ac1f6b6435d0,0 21 25
b60794fa-bad6-11e8-b2b9-ac1f6b6435d0,0 1 2
b60d02e0-bad2-11e8-b2b8-ac1f6b6435d0,7 25
b61292c4-bac7-11e8-b2b7-ac1f6b6435d0,0 13 25
b614bfe6-bada-11e8-b2b9-ac1f6b6435d0,0 3
b616eb1c-bad6-11e8-b2b9-ac1f6b6435d0,0 7 25
b6193010-bad2-11e8-b2b8-ac1f6b6435d0,0
b6274434-bad7-11e8-b2b9-ac1f6b6435d0,2 7
b62f0862-bac9-11e8-b2b8-ac1f6b6435d0,0 2 25
b632b49c-bada-11e8-b2b9-ac1f6b6435d0,0
b636c64e-bad6-11e8-b2b9-ac1f6b6435d0,23
b63a5fae-bad9-11e8-b2b9-ac1f6b6435d0,0 5 21 23
b6414188-bada-11e8-b2b9-ac1f6b6435d0,0 21
b642cefc-bad7-11e8-b2b9-ac1f6b6435d0,0 21 25
b644f0e0-bacf-11e8-b2b8-ac1f6b6435d0,0 23 25
b64b32e2-bad5-11e8-b2b9-ac1f6b6435d0,0 25
b64db106-bacc-11e8-b2b8-ac1f6b6435d0,0 25
b6589214-bad2-11e8-b2b8-ac1f6b6435d0,0 16 17 18 25
b65a893c-baca-11e8-b2b8-ac1f6b6435d0,0 2
b65ccf52-bacb-11e8-b2b8-ac1f6b6435d0,18
b669850e-bad9-11e8-b2b9-ac1f6b6435d0,0 25
b6741ad8-bad3-11e8-b2b8-ac1f6b6435d0,5
b67840c4-bac7-11e8-b2b7-ac1f6b6435d0,0 21 25
b67eaa02-bac9-11e8-b2b8-ac1f6b6435d0,19
b67fa24a-bace-11e8-b2b8-ac1f6b6435d0,2 25
b68295aa-bad7-11e8-b2b9-ac1f6b6435d0,0 25
b687ac94-bac7-11e8-b2b7-ac1f6b6435d0,21 22
b68b9c7e-bada-11e8-b2b9-ac1f6b6435d0,4
b693fc74-bad6-11e8-b2b9-ac1f6b6435d0,2 6 25
b6a1db02-bac5-11e8-b2b7-ac1f6b6435d0,4 25
b6a4f2ba-baca-11e8-b2b8-ac1f6b6435d0,0 21 25
b6a9ba7c-bad2-11e8-b2b8-ac1f6b6435d0,0 12 19 21
b6adf4bc-bac7-11e8-b2b7-ac1f6b6435d0,0 25
b6b26d00-bad9-11e8-b2b9-ac1f6b6435d0,0 1
b6b669dc-bac5-11e8-b2b7-ac1f6b6435d0,0 21
b6b9ce9c-bad4-11e8-b2b8-ac1f6b6435d0,11
b6bb0170-bacc-11e8-b2b8-ac1f6b6435d0,0 1 25
b6bf95fa-bacc-11e8-b2b8-ac1f6b6435d0,0 25
b6c37298-bada-11e8-b2b9-ac1f6b6435d0,0
b6cd4dea-bada-11e8-b2b9-ac1f6b6435d0,0 25
b6d11036-bad7-11e8-b2b9-ac1f6b6435d0,14 21 25
b6d1a516-bada-11e8-b2b9-ac1f6b6435d0,16 25
b6dc6a1e-bad0-11e8-b2b8-ac1f6b6435d0,0 7 25
b6f19dae-baca-11e8-b2b8-ac1f6b6435d0,22
b6fb73ae-bad1-11e8-b2b8-ac1f6b6435d0,11 21
b6fc17ec-bada-11e8-b2b9-ac1f6b6435d0,14
b702e22a-bacb-11e8-b2b8-ac1f6b6435d0,23 25
b708f2b2-bac8-11e8-b2b8-ac1f6b6435d0,23
b7117604-bac7-11e8-b2b7-ac1f6b6435d0,0 7
b71e0652-bac8-11e8-b2b8-ac1f6b6435d0,0 5
b721fdf4-bacb-11e8-b2b8-ac1f6b6435d0,0 21 25
b723373e-bad3-11e8-b2b8-ac1f6b6435d0,0
b731a17c-bad1-11e8-b2b8-ac1f6b6435d0,0 2
b7467668-bad3-11e8-b2b8-ac1f6b6435d0,23
b7488992-bad0-11e8-b2b8-ac1f6b6435d0,0 2 20
b74f4940-bad4-11e8-b2b8-ac1f6b6435d0,2 25
b7568552-baca-11e8-b2b8-ac1f6b6435d0,0 25
b76c11e8-bace-11e8-b2b8-ac1f6b6435d0,3
b7726822-bad3-11e8-b2b8-ac1f6b6435d0,0 25
b775b0f2-bad0-11e8-b2b8-ac1f6b6435d0,21 25 26
b77e9cba-bad7-11e8-b2b9-ac1f6b6435d0,5
b7809f3c-bad8-11e8-b2b9-ac1f6b6435d0,4 14
b7857d86-bad3-11e8-b2b8-ac1f6b6435d0,0 2 25
b7929920-bacf-11e8-b2b8-ac1f6b6435d0,7
b7931f9e-baca-11e8-b2b8-ac1f6b6435d0,0 25
b79b38f2-bad7-11e8-b2b9-ac1f6b6435d0,12
b7a14482-bad6-11e8-b2b9-ac1f6b6435d0,14 25
b7ac70ba-bad5-11e8-b2b9-ac1f6b6435d0,1
b7ac81a8-bad1-11e8-b2b8-ac1f6b6435d0,0 25
b7ad1154-bac7-11e8-b2b7-ac1f6b6435d0,11
b7ae02d8-bac9-11e8-b2b8-ac1f6b6435d0,23
b7ae8092-bad2-11e8-b2b8-ac1f6b6435d0,0 7 25
b7afe956-bac7-11e8-b2b7-ac1f6b6435d0,14 17 25
b7b920d8-bac8-11e8-b2b8-ac1f6b6435d0,0 16
b7d62ba4-bac5-11e8-b2b7-ac1f6b6435d0,0 25
b7d82746-bacb-11e8-b2b8-ac1f6b6435d0,0 7
b7d98170-bacd-11e8-b2b8-ac1f6b6435d0,0 2 7
b7d98f18-bacc-11e8-b2b8-ac1f6b6435d0,0 25
b7d9bf86-bad8-11e8-b2b9-ac1f6b6435d0,0 25 26
b7dbb702-bacc-11e8-b2b8-ac1f6b6435d0,23
b7dbc23c-bad2-11e8-b2b8-ac1f6b6435d0,25
b7e0d916-bac8-11e8-b2b8-ac1f6b6435d0,2 21 25
b7e299c4-bac6-11e8-b2b7-ac1f6b6435d0,0 19
b7e3b738-bacf-11e8-b2b8-ac1f6b6435d0,0 5 25
b7e848b6-bacf-11e8-b2b8-ac1f6b6435d0,20
b7ea4012-bad4-11e8-b2b8-ac1f6b6435d0,0 19
b7ea79a4-bacc-11e8-b2b8-ac1f6b6435d0,0 12 21
b7f30254-bad1-11e8-b2b8-ac1f6b6435d0,0 25
b7f81912-baca-11e8-b2b8-ac1f6b6435d0,7 23
b7fa67de-bac6-11e8-b2b7-ac1f6b6435d0,0
b7fe268a-bac6-11e8-b2b7-ac1f6b6435d0,0 7
b800472a-bad1-11e8-b2b8-ac1f6b6435d0,0 25
b8017aec-bad0-11e8-b2b8-ac1f6b6435d0,21 25
b80940c6-bac9-11e8-b2b8-ac1f6b6435d0,0 18 19
b8094b88-bac5-11e8-b2b7-ac1f6b6435d0,0 7
b80bd3f0-bad2-11e8-b2b8-ac1f6b6435d0,25
b810041e-bac5-11e8-b2b7-ac1f6b6435d0,23
b8133640-bad7-11e8-b2b9-ac1f6b6435d0,25
b8169fd6-baca-11e8-b2b8-ac1f6b6435d0,0
b8199c94-bac6-11e8-b2b7-ac1f6b6435d0,23
b819ce26-bad5-11e8-b2b9-ac1f6b6435d0,0 25
b81bf42e-bac8-11e8-b2b8-ac1f6b6435d0,7 23
b81cdd96-bada-11e8-b2b9-ac1f6b6435d0,5 25
b81f81e0-bad5-11e8-b2b9-ac1f6b6435d0,0 25
b81fb422-bad9-11e8-b2b9-ac1f6b6435d0,25
b82b6c6c-bad5-11e8-b2b9-ac1f6b6435d0,4
b832cfbc-baca-11e8-b2b8-ac1f6b6435d0,0 7 25
b83445f2-bad1-11e8-b2b8-ac1f6b6435d0,1 4
b83c9718-bacf-11e8-b2b8-ac1f6b6435d0,0 7
b83c9cdc-bad8-11e8-b2b9-ac1f6b6435d0,25
b840754e-bac6-11e8-b2b7-ac1f6b6435d0,25
b847ca46-bad6-11e8-b2b9-ac1f6b6435d0,13
b84a594e-bad8-11e8-b2b9-ac1f6b6435d0,0 23 25
b851d0b6-bace-11e8-b2b8-ac1f6b6435d0,0 2
b851d552-bac9-11e8-b2b8-ac1f6b6435d0,25
b8528614-bad3-11e8-b2b8-ac1f6b6435d0,0 25
b855b314-bad0-11e8-b2b8-ac1f6b6435d0,0 12
b85cc324-bac7-11e8-b2b7-ac1f6b6435d0,0 7 25
b85faf84-bad7-11e8-b2b9-ac1f6b6435d0,0 19
b8625d40-bad4-11e8-b2b8-ac1f6b6435d0,0 1
b8653c1a-bac8-11e8-b2b8-ac1f6b6435d0,25
b868d12e-bad5-11e8-b2b9-ac1f6b6435d0,23
b86991a4-bacb-11e8-b2b8-ac1f6b6435d0,0 2 21
b885428c-bad5-11e8-b2b9-ac1f6b6435d0,0 21
b8868128-bacc-11e8-b2b8-ac1f6b6435d0,4
b88db49c-bad7-11e8-b2b9-ac1f6b6435d0,0 2 7 24 25
b88e59b0-bac8-11e8-b2b8-ac1f6b6435d0,23 25
b891323e-bad2-11e8-b2b8-ac1f6b6435d0,0 21 25
b8947470-bac9-11e8-b2b8-ac1f6b6435d0,0 19
b89aabfa-bac5-11e8-b2b7-ac1f6b6435d0,7 25
b89ae2f0-bad4-11e8-b2b8-ac1f6b6435d0,0 23
b89df398-bacd-11e8-b2b8-ac1f6b6435d0,0 25
b8ab0954-bada-11e8-b2b9-ac1f6b6435d0,0 25
b8bd4bd8-bacf-11e8-b2b8-ac1f6b6435d0,14 16 17
b8bee1ca-bad2-11e8-b2b8-ac1f6b6435d0,0 2
b8c341c8-bacf-11e8-b2b8-ac1f6b6435d0,0 21
b8c6d634-bad0-11e8-b2b8-ac1f6b6435d0,23
b8d5645a-bad1-11e8-b2b8-ac1f6b6435d0,0 5
b8df3842-bac5-11e8-b2b7-ac1f6b6435d0,0 2 21
b8e878e0-bad8-11e8-b2b9-ac1f6b6435d0,0
b8eb049c-bacf-11e8-b2b8-ac1f6b6435d0,20
b8f0e612-bad6-11e8-b2b9-ac1f6b6435d0,0 25
b8f95a1c-bacd-11e8-b2b8-ac1f6b6435d0,0 23 25
b9019b62-bad9-11e8-b2b9-ac1f6b6435d0,0 2 21
b90682e2-bad6-11e8-b2b9-ac1f6b6435d0,23 25
b90ae4e4-bad7-11e8-b2b9-ac1f6b6435d0,25
b90be672-bace-11e8-b2b8-ac1f6b6435d0,0 25
b9215588-bacf-11e8-b2b8-ac1f6b6435d0,0 2 25
b9246108-bacd-11e8-b2b8-ac1f6b6435d0,0 21 25
b92dedc6-bac9-11e8-b2b8-ac1f6b6435d0,25 26
b9310be6-bad3-11e8-b2b8-ac1f6b6435d0,0 2 21 25
b93201c8-bad7-11e8-b2b9-ac1f6b6435d0,0 21 25
b9330b6a-bad5-11e8-b2b9-ac1f6b6435d0,0 25
b9371cae-bacc-11e8-b2b8-ac1f6b6435d0,0 25
b93c6f74-bac7-11e8-b2b7-ac1f6b6435d0,0 2 25
b9409eda-bad3-11e8-b2b8-ac1f6b6435d0,12 21
b943cad6-bad5-11e8-b2b9-ac1f6b6435d0,0 19
b947b712-bac7-11e8-b2b7-ac1f6b6435d0,0 21 25
b9512f34-bace-11e8-b2b8-ac1f6b6435d0,7 18 19
b95884b8-bacf-11e8-b2b8-ac1f6b6435d0,0 11
b95cc8b2-bad8-11e8-b2b9-ac1f6b6435d0,0 2
b95e81ce-bad9-11e8-b2b9-ac1f6b6435d0,6 25
b9722828-bad9-11e8-b2b9-ac1f6b6435d0,0 25
b9757f3a-bad1-11e8-b2b8-ac1f6b6435d0,25
b9761aec-bad8-11e8-b2b9-ac1f6b6435d0,0 25
b981347e-bac7-11e8-b2b7-ac1f6b6435d0,25
b9891c8c-bad3-11e8-b2b8-ac1f6b6435d0,0
b989a906-bad6-11e8-b2b9-ac1f6b6435d0,0 25
b98b3c24-bad3-11e8-b2b8-ac1f6b6435d0,0 25
b98e93e0-bad0-11e8-b2b8-ac1f6b6435d0,22
b992710a-bad9-11e8-b2b9-ac1f6b6435d0,19
b99b006a-bad7-11e8-b2b9-ac1f6b6435d0,0
b9a08922-bac8-11e8-b2b8-ac1f6b6435d0,0
b9a36008-bad1-11e8-b2b8-ac1f6b6435d0,21
b9a55a8a-bada-11e8-b2b9-ac1f6b6435d0,0 25
b9a882d6-bacc-11e8-b2b8-ac1f6b6435d0,14
b9a923a2-bacd-11e8-b2b8-ac1f6b6435d0,0 2 25
b9a9e798-bad6-11e8-b2b9-ac1f6b6435d0,2
b9acf08a-bac9-11e8-b2b8-ac1f6b6435d0,0 17 25
b9ae42a2-bacc-11e8-b2b8-ac1f6b6435d0,0
b9bcfcc2-baca-11e8-b2b8-ac1f6b6435d0,4 25 26
b9bfe874-bacf-11e8-b2b8-ac1f6b6435d0,0 25
b9c45ee4-bad0-11e8-b2b8-ac1f6b6435d0,22
b9cbaee6-bacc-11e8-b2b8-ac1f6b6435d0,0 25
b9d08340-bad0-11e8-b2b8-ac1f6b6435d0,0 24
b9d68458-bad4-11e8-b2b8-ac1f6b6435d0,2 11
b9dbe68e-bad2-11e8-b2b8-ac1f6b6435d0,3
b9e019e8-bad7-11e8-b2b9-ac1f6b6435d0,0
b9e6de86-bacd-11e8-b2b8-ac1f6b6435d0,2 19
b9fe8220-bac8-11e8-b2b8-ac1f6b6435d0,0 26
b9fe9c74-bacd-11e8-b2b8-ac1f6b6435d0,14 25
ba02e4e8-bac6-11e8-b2b7-ac1f6b6435d0,0 7 25
ba0f3c62-bad4-11e8-b2b8-ac1f6b6435d0,0 25
ba188082-bac6-11e8-b2b7-ac1f6b6435d0,0
ba1ff66a-baca-11e8-b2b8-ac1f6b6435d0,25
ba3ae5be-bada-11e8-b2b9-ac1f6b6435d0,0 20 26
ba492fbe-bacd-11e8-b2b8-ac1f6b6435d0,0 21 25
ba4d3572-bac9-11e8-b2b8-ac1f6b6435d0,0 25
ba4e10ec-bacd-11e8-b2b8-ac1f6b6435d0,0 23 25
ba4e9b72-bad5-11e8-b2b9-ac1f6b6435d0,0
ba527f60-bacd-11e8-b2b8-ac1f6b6435d0,0
ba576480-bad2-11e8-b2b8-ac1f6b6435d0,21
ba6febf2-bad4-11e8-b2b8-ac1f6b6435d0,0 16 17 25
ba7b2a10-bac7-11e8-b2b7-ac1f6b6435d0,3 25
ba7b7a4c-bad6-11e8-b2b9-ac1f6b6435d0,0 2
ba7e1a4c-bac5-11e8-b2b7-ac1f6b6435d0,11
ba874fb4-bad8-11e8-b2b9-ac1f6b6435d0,4
ba884df4-bacb-11e8-b2b8-ac1f6b6435d0,2 25
ba88dd60-baca-11e8-b2b8-ac1f6b6435d0,0 17 25
ba8a8cea-bad5-11e8-b2b9-ac1f6b6435d0,0 2 21 25
ba8c8562-bacc-11e8-b2b8-ac1f6b6435d0,0 3 5
ba96889c-bad5-11e8-b2b9-ac1f6b6435d0,0 2 19 25
ba9e0c72-bac9-11e8-b2b8-ac1f6b6435d0,0 25
baa44860-bac6-11e8-b2b7-ac1f6b6435d0,25
baab3e4e-bac7-11e8-b2b7-ac1f6b6435d0,18 25
baaeec60-bad6-11e8-b2b9-ac1f6b6435d0,13
bab175ea-bacf-11e8-b2b8-ac1f6b6435d0,6 25
bab73c90-bac6-11e8-b2b7-ac1f6b6435d0,12
babf0086-bad7-11e8-b2b9-ac1f6b6435d0,0 7
bacead66-bac7-11e8-b2b7-ac1f6b6435d0,0 7 25
badd4290-bad1-11e8-b2b8-ac1f6b6435d0,2 4 25
bae3d832-bad4-11e8-b2b8-ac1f6b6435d0,0 25
bae5ab92-bad1-11e8-b2b8-ac1f6b6435d0,14 17
baf1e6b4-bad1-11e8-b2b8-ac1f6b6435d0,0 2 25
baf23a18-bad8-11e8-b2b9-ac1f6b6435d0,4 22
baf541f4-bace-11e8-b2b8-ac1f6b6435d0,20
bafed13e-bad7-11e8-b2b9-ac1f6b6435d0,7 21 25
bb0c3a9c-bac6-11e8-b2b7-ac1f6b6435d0,0 15
bb1241a4-baca-11e8-b2b8-ac1f6b6435d0,3
bb12dc80-bada-11e8-b2b9-ac1f6b6435d0,0 2
bb134fc4-bac8-11e8-b2b8-ac1f6b6435d0,0 7
bb18ae42-bacd-11e8-b2b8-ac1f6b6435d0,0 12 21 25
bb1bda1a-bad5-11e8-b2b9-ac1f6b6435d0,0 4 26
bb1cf716-bacf-11e8-b2b8-ac1f6b6435d0,0 3
bb217dcc-bacf-11e8-b2b8-ac1f6b6435d0,1 25
bb278618-bac5-11e8-b2b7-ac1f6b6435d0,0 22 24
bb2a9224-bad7-11e8-b2b9-ac1f6b6435d0,0 22
bb2bd8e0-bac9-11e8-b2b8-ac1f6b6435d0,21 25
bb3222b6-bacb-11e8-b2b8-ac1f6b6435d0,0 2
bb3c0afc-bad4-11e8-b2b8-ac1f6b6435d0,0 5 25
bb3c26f0-bac9-11e8-b2b8-ac1f6b6435d0,7
bb3ef4f6-baca-11e8-b2b8-ac1f6b6435d0,19 25
bb4243c8-bad3-11e8-b2b8-ac1f6b6435d0,0
bb48542e-bac5-11e8-b2b7-ac1f6b6435d0,0 22
bb4acdfa-bac8-11e8-b2b8-ac1f6b6435d0,0 2
bb4dc0c0-bad5-11e8-b2b9-ac1f6b6435d0,0 7 23 25
bb526fea-bac5-11e8-b2b7-ac1f6b6435d0,14
bb55eaf2-bacb-11e8-b2b8-ac1f6b6435d0,0 7
bb5952d0-bacd-11e8-b2b8-ac1f6b6435d0,0 21
bb60b582-bac5-11e8-b2b7-ac1f6b6435d0,0
bb6136c2-bacc-11e8-b2b8-ac1f6b6435d0,0 5
bb646e3c-bacc-11e8-b2b8-ac1f6b6435d0,0 12
bb6999fe-baca-11e8-b2b8-ac1f6b6435d0,6 25
bb7184b0-bad5-11e8-b2b9-ac1f6b6435d0,0 25
bb71aa94-bad0-11e8-b2b8-ac1f6b6435d0,21 25
bb72830c-bacf-11e8-b2b8-ac1f6b6435d0,0
bb7b97bc-bacf-11e8-b2b8-ac1f6b6435d0,0 2
bb8ae8b2-bad3-11e8-b2b8-ac1f6b6435d0,0 17 25
bb8b2fe2-bad4-11e8-b2b8-ac1f6b6435d0,0 2 25
bb8c7c7c-bad8-11e8-b2b9-ac1f6b6435d0,6 25
bb912b7e-bacd-11e8-b2b8-ac1f6b6435d0,0
bb98d760-bace-11e8-b2b8-ac1f6b6435d0,25 26
bba8d710-bad7-11e8-b2b9-ac1f6b6435d0,0 21 25
bbc8e326-bad1-11e8-b2b8-ac1f6b6435d0,17 25
bbccee42-bad3-11e8-b2b8-ac1f6b6435d0,0 1
bbd44df4-bad8-11e8-b2b9-ac1f6b6435d0,0 25
bbdaf48c-baca-11e8-b2b8-ac1f6b6435d0,0 5
bbe013c0-bacc-11e8-b2b8-ac1f6b6435d0,0
bbf4bd22-bad9-11e8-b2b9-ac1f6b6435d0,0 5 25
bbf817e2-baca-11e8-b2b8-ac1f6b6435d0,0 11 25
bbfad730-bac9-11e8-b2b8-ac1f6b6435d0,24
bbfeabf8-bad3-11e8-b2b8-ac1f6b6435d0,0 25
bbfecc00-bad8-11e8-b2b9-ac1f6b6435d0,0 5
bc09617a-bacd-11e8-b2b8-ac1f6b6435d0,0 25
bc0b8c64-baca-11e8-b2b8-ac1f6b6435d0,0 5 25
bc176ecc-bad8-11e8-b2b9-ac1f6b6435d0,0 2 12
bc23b558-bad1-11e8-b2b8-ac1f6b6435d0,0 3
bc32dcee-bad2-11e8-b2b8-ac1f6b6435d0,0
bc389b08-bad1-11e8-b2b8-ac1f6b6435d0,6 25
bc3d4b7a-bad7-11e8-b2b9-ac1f6b6435d0,21 23
bc43a69a-bac9-11e8-b2b8-ac1f6b6435d0,23
bc4ce888-bad6-11e8-b2b9-ac1f6b6435d0,0 2
bc4fb6b0-bace-11e8-b2b8-ac1f6b6435d0,0 5 25
bc52c0b8-bac8-11e8-b2b8-ac1f6b6435d0,0 4
bc550e6e-bad6-11e8-b2b9-ac1f6b6435d0,0
bc58fb08-bad8-11e8-b2b9-ac1f6b6435d0,0 5 25
bc5cc49e-bad9-11e8-b2b9-ac1f6b6435d0,0 21 25
bc6035d8-bac6-11e8-b2b7-ac1f6b6435d0,7
bc6b0818-bac7-11e8-b2b7-ac1f6b6435d0,0 19
bc6b6468-bad9-11e8-b2b9-ac1f6b6435d0,13
bc7173a4-bac9-11e8-b2b8-ac1f6b6435d0,0 19 25
bc76d374-bad0-11e8-b2b8-ac1f6b6435d0,0 1
bc79851e-bacc-11e8-b2b8-ac1f6b6435d0,1 25
bc7c0130-bac8-11e8-b2b8-ac1f6b6435d0,0 2
bc7ecd9a-bad0-11e8-b2b8-ac1f6b6435d0,0 7 23
bc7fabd0-baca-11e8-b2b8-ac1f6b6435d0,4 7
bc800c02-bad8-11e8-b2b9-ac1f6b6435d0,0 17 25
bc87254a-bacf-11e8-b2b8-ac1f6b6435d0,0 2 25
bc8a1030-bad8-11e8-b2b9-ac1f6b6435d0,0 5
bc8e2528-bac7-11e8-b2b7-ac1f6b6435d0,0
bc966df6-bad0-11e8-b2b8-ac1f6b6435d0,0 1
bc988bb2-bacc-11e8-b2b8-ac1f6b6435d0,0 17 25
bc98a17a-bacb-11e8-b2b8-ac1f6b6435d0,0 19 25
bc9a3038-bacd-11e8-b2b8-ac1f6b6435d0,0 15
bc9b5cbe-bad3-11e8-b2b8-ac1f6b6435d0,6 25
bca08c8e-bac9-11e8-b2b8-ac1f6b6435d0,4 26
bca50c54-bacf-11e8-b2b8-ac1f6b6435d0,12 21
bca7f9de-bad2-11e8-b2b8-ac1f6b6435d0,12 25
bca97b1c-bad0-11e8-b2b8-ac1f6b6435d0,2 25
bcb84b8e-bad9-11e8-b2b9-ac1f6b6435d0,0 7 12 25
bcbd3ac6-bad0-11e8-b2b8-ac1f6b6435d0,0 25
bcbd4dd0-bad6-11e8-b2b9-ac1f6b6435d0,19
bcc6b384-bad1-11e8-b2b8-ac1f6b6435d0,7
bcd05740-bad1-11e8-b2b8-ac1f6b6435d0,0 25
bcd1d494-bac7-11e8-b2b7-ac1f6b6435d0,0 14
bcda9926-bacc-11e8-b2b8-ac1f6b6435d0,0 21
bcdba7fa-bad9-11e8-b2b9-ac1f6b6435d0,2 7 21 25
bcde721c-bad1-11e8-b2b8-ac1f6b6435d0,23
bce8f184-bacb-11e8-b2b8-ac1f6b6435d0,0 2
bced1d36-bad0-11e8-b2b8-ac1f6b6435d0,0 4
bcf2d1d0-bad6-11e8-b2b9-ac1f6b6435d0,0 21
bcf43e62-bad6-11e8-b2b9-ac1f6b6435d0,0 1
bcf4f8a2-bac7-11e8-b2b7-ac1f6b6435d0,1
bcf540f4-bac8-11e8-b2b8-ac1f6b6435d0,0 21 25
bcf88812-bad3-11e8-b2b8-ac1f6b6435d0,0 26
bcf9388c-bad5-11e8-b2b9-ac1f6b6435d0,0 21 25
bcfbbefe-bad5-11e8-b2b9-ac1f6b6435d0,0 2 25
bcfe43d6-bad0-11e8-b2b8-ac1f6b6435d0,0 19
bcfecce0-bad3-11e8-b2b8-ac1f6b6435d0,0 2 25
bd02db5e-bad9-11e8-b2b9-ac1f6b6435d0,0 25
bd113c86-bace-11e8-b2b8-ac1f6b6435d0,14
bd22f664-bad4-11e8-b2b8-ac1f6b6435d0,6 25
bd23f93e-bace-11e8-b2b8-ac1f6b6435d0,25
bd256bd4-bac9-11e8-b2b8-ac1f6b6435d0,2
bd27c2ee-bad3-11e8-b2b8-ac1f6b6435d0,0 7
bd2da4ec-bacf-11e8-b2b8-ac1f6b6435d0,0
bd2dfd6a-bad0-11e8-b2b8-ac1f6b6435d0,2 25
bd2efcc4-bada-11e8-b2b9-ac1f6b6435d0,0 19
bd34ceec-bad5-11e8-b2b9-ac1f6b6435d0,1 5
bd35ed42-bace-11e8-b2b8-ac1f6b6435d0,0 12
bd457982-bac5-11e8-b2b7-ac1f6b6435d0,0
bd45d806-bac9-11e8-b2b8-ac1f6b6435d0,0 2 16 25
bd481f12-bac9-11e8-b2b8-ac1f6b6435d0,0 1
bd4a8180-bace-11e8-b2b8-ac1f6b6435d0,0 16 25
bd4f9f08-bace-11e8-b2b8-ac1f6b6435d0,0 25
bd5df6bc-bad7-11e8-b2b9-ac1f6b6435d0,0 2 26
bd715114-bacb-11e8-b2b8-ac1f6b6435d0,0 2
bd7c6106-bad7-11e8-b2b9-ac1f6b6435d0,21
bd92ed38-bada-11e8-b2b9-ac1f6b6435d0,23
bd956dc8-bacc-11e8-b2b8-ac1f6b6435d0,0 21 25
bd9be9c0-bad4-11e8-b2b8-ac1f6b6435d0,23
bda1545a-bacf-11e8-b2b8-ac1f6b6435d0,0 2 16 17 25
bda499be-bacd-11e8-b2b8-ac1f6b6435d0,23
bda9a8ac-bada-11e8-b2b9-ac1f6b6435d0,2 25
bda9bf70-bacd-11e8-b2b8-ac1f6b6435d0,0 7
bdaa9990-bac8-11e8-b2b8-ac1f6b6435d0,0 3
bdab6f4e-bac5-11e8-b2b7-ac1f6b6435d0,7 23
bdb4a054-bac6-11e8-b2b7-ac1f6b6435d0,0 11
bdc10346-bac9-11e8-b2b8-ac1f6b6435d0,0 25
bdc62158-bad5-11e8-b2b9-ac1f6b6435d0,7
bdcbdcae-bac8-11e8-b2b8-ac1f6b6435d0,6 25
bdcd43e0-bace-11e8-b2b8-ac1f6b6435d0,0 18
bdcffa90-bac9-11e8-b2b8-ac1f6b6435d0,0 2
bdd5aee8-bada-11e8-b2b9-ac1f6b6435d0,23
bde5e958-bac5-11e8-b2b7-ac1f6b6435d0,0 4 25
bdea57da-bac6-11e8-b2b7-ac1f6b6435d0,6
bdf2cfde-bace-11e8-b2b8-ac1f6b6435d0,0 7
bdfad214-bad9-11e8-b2b9-ac1f6b6435d0,2
bdfba490-bacb-11e8-b2b8-ac1f6b6435d0,0 26
be0147ae-bac8-11e8-b2b8-ac1f6b6435d0,3
be034880-bad0-11e8-b2b8-ac1f6b6435d0,14 16
be0cf5a8-bad3-11e8-b2b8-ac1f6b6435d0,23 26
be135780-baca-11e8-b2b8-ac1f6b6435d0,25
be1cb432-bada-11e8-b2b9-ac1f6b6435d0,7
be1ea4ce-bad8-11e8-b2b9-ac1f6b6435d0,0 25
be252028-bad9-11e8-b2b9-ac1f6b6435d0,0 25
be307606-bac7-11e8-b2b7-ac1f6b6435d0,0 21
be3078fc-bac9-11e8-b2b8-ac1f6b6435d0,2 21 23 25
be44ba06-bad8-11e8-b2b9-ac1f6b6435d0,0 25
be468f0a-bacb-11e8-b2b8-ac1f6b6435d0,0 12
be47c3e0-bad8-11e8-b2b9-ac1f6b6435d0,11 25
be4c2284-bad6-11e8-b2b9-ac1f6b6435d0,0 25
be518068-bac6-11e8-b2b7-ac1f6b6435d0,0 12
be54b63e-bacb-11e8-b2b8-ac1f6b6435d0,0 21 25
be604788-bac6-11e8-b2b7-ac1f6b6435d0,0 12 13 25
be6502ec-bad9-11e8-b2b9-ac1f6b6435d0,12
be6cffca-bad8-11e8-b2b9-ac1f6b6435d0,0 2
be6e3702-bac7-11e8-b2b7-ac1f6b6435d0,0 25
be717766-bacf-11e8-b2b8-ac1f6b6435d0,0 25
be76caf6-bac8-11e8-b2b8-ac1f6b6435d0,0 19
be8432d8-bacb-11e8-b2b8-ac1f6b6435d0,7
be8d3824-bad0-11e8-b2b8-ac1f6b6435d0,0 11 25
be920bec-bacb-11e8-b2b8-ac1f6b6435d0,14
beb559a8-bad0-11e8-b2b8-ac1f6b6435d0,7
beb8b4a2-bad7-11e8-b2b9-ac1f6b6435d0,0 19 25
bebeba1e-bacd-11e8-b2b8-ac1f6b6435d0,0 5
bec1de9e-bada-11e8-b2b9-ac1f6b6435d0,6
bec645a4-bac8-11e8-b2b8-ac1f6b6435d0,0 2 25
bed25870-bad8-11e8-b2b9-ac1f6b6435d0,4
bedb8506-bad0-11e8-b2b8-ac1f6b6435d0,0 25
bedd0b38-bac6-11e8-b2b7-ac1f6b6435d0,6
bedf45e4-bad8-11e8-b2b9-ac1f6b6435d0,11
bedfce22-bacb-11e8-b2b8-ac1f6b6435d0,19
bee183e6-bad2-11e8-b2b8-ac1f6b6435d0,0 11 21
bee1beac-bac7-11e8-b2b7-ac1f6b6435d0,0 18
bee23850-bac7-11e8-b2b7-ac1f6b6435d0,19
bee49d74-bacd-11e8-b2b8-ac1f6b6435d0,0 23
bee70bfe-bacd-11e8-b2b8-ac1f6b6435d0,21
beeb01ee-bad9-11e8-b2b9-ac1f6b6435d0,0 5 25
beeff64a-bad9-11e8-b2b9-ac1f6b6435d0,0 7
bef0ad56-bad9-11e8-b2b9-ac1f6b6435d0,0
bef4f93a-bad2-11e8-b2b8-ac1f6b6435d0,0 7
bef86706-bad6-11e8-b2b9-ac1f6b6435d0,26
bf019358-bacc-11e8-b2b8-ac1f6b6435d0,0 22
bf02f2f8-bada-11e8-b2b9-ac1f6b6435d0,0 21 25
bf03e200-bad3-11e8-b2b8-ac1f6b6435d0,25
bf0c9904-bac9-11e8-b2b8-ac1f6b6435d0,0 1 25
bf0d7974-bad2-11e8-b2b8-ac1f6b6435d0,0 13
bf184c06-bacc-11e8-b2b8-ac1f6b6435d0,21 25
bf25a45a-bac7-11e8-b2b7-ac1f6b6435d0,0 5
bf2cc6ba-bad9-11e8-b2b9-ac1f6b6435d0,21
bf2e6450-bacc-11e8-b2b8-ac1f6b6435d0,0 25
bf360f8e-bad1-11e8-b2b8-ac1f6b6435d0,0 25
bf39f7c8-bad3-11e8-b2b8-ac1f6b6435d0,0 19 25
bf3fd9c4-bac7-11e8-b2b7-ac1f6b6435d0,0 21 25
bf4175b4-bac6-11e8-b2b7-ac1f6b6435d0,4
bf447b28-bad6-11e8-b2b9-ac1f6b6435d0,25
bf6781a4-bad1-11e8-b2b8-ac1f6b6435d0,25
bf6c33d0-bad5-11e8-b2b9-ac1f6b6435d0,4
bf6c5ff0-bacf-11e8-b2b8-ac1f6b6435d0,0
bf73706a-bac5-11e8-b2b7-ac1f6b6435d0,0 2 23
bf7f1ecc-bad1-11e8-b2b8-ac1f6b6435d0,0 21
bf80f5a4-bac6-11e8-b2b7-ac1f6b6435d0,0 25
bf84eca0-bac5-11e8-b2b7-ac1f6b6435d0,0
bf86e600-bace-11e8-b2b8-ac1f6b6435d0,0 5
bf8ef764-bace-11e8-b2b8-ac1f6b6435d0,5 25
bf97b12c-bada-11e8-b2b9-ac1f6b6435d0,0 5 22
bfa1f7a0-bac5-11e8-b2b7-ac1f6b6435d0,3
bfa2b6fc-bacc-11e8-b2b8-ac1f6b6435d0,0 2
bfa33830-bad0-11e8-b2b8-ac1f6b6435d0,25
bfa84436-bad2-11e8-b2b8-ac1f6b6435d0,17 18 25
bfab792e-baca-11e8-b2b8-ac1f6b6435d0,0
bfadf5a0-baca-11e8-b2b8-ac1f6b6435d0,25
bfb45dc6-bad1-11e8-b2b8-ac1f6b6435d0,0 26
bfb67324-bac5-11e8-b2b7-ac1f6b6435d0,0 7 23
bfbb3318-bacb-11e8-b2b8-ac1f6b6435d0,6 25
bfbba9fe-bacd-11e8-b2b8-ac1f6b6435d0,0
bfc0bdf4-bac8-11e8-b2b8-ac1f6b6435d0,23
bfc14c72-bacf-11e8-b2b8-ac1f6b6435d0,19
bfc72ca0-bad4-11e8-b2b8-ac1f6b6435d0,21 25
bfc88896-bad6-11e8-b2b9-ac1f6b6435d0,7 25
bfcf6312-bad3-11e8-b2b8-ac1f6b6435d0,2
bfd7cda4-bac9-11e8-b2b8-ac1f6b6435d0,0 22
bfdfc644-bac9-11e8-b2b8-ac1f6b6435d0,19
bfe1f896-bad4-11e8-b2b8-ac1f6b6435d0,25
bff8cf42-bad1-11e8-b2b8-ac1f6b6435d0,0 2 25
bffd3e16-bad5-11e8-b2b9-ac1f6b6435d0,21 25
c0044ac4-bad2-11e8-b2b8-ac1f6b6435d0,0 21 25
c007708a-baca-11e8-b2b8-ac1f6b6435d0,21 25
c0145aba-bac6-11e8-b2b7-ac1f6b6435d0,11 25
c0217784-bad2-11e8-b2b8-ac1f6b6435d0,0 21 25
c023ce74-bad9-11e8-b2b9-ac1f6b6435d0,0 19 21 25
c02607d4-bac5-11e8-b2b7-ac1f6b6435d0,0 16 17 25
c0285274-bad3-11e8-b2b8-ac1f6b6435d0,0
c02bb81c-bac7-11e8-b2b7-ac1f6b6435d0,0 16
c0311676-bad7-11e8-b2b9-ac1f6b6435d0,0 25
c038e260-bace-11e8-b2b8-ac1f6b6435d0,0 25
c03a227c-bacb-11e8-b2b8-ac1f6b6435d0,0 26
c041d722-bacd-11e8-b2b8-ac1f6b6435d0,0 21 22
c0501156-bace-11e8-b2b8-ac1f6b6435d0,25
c05727f8-bac8-11e8-b2b8-ac1f6b6435d0,19
c0640086-bad2-11e8-b2b8-ac1f6b6435d0,0 21 22
c066e2a2-bad6-11e8-b2b9-ac1f6b6435d0,0 2 26
c0691dae-bad3-11e8-b2b8-ac1f6b6435d0,0 19 25
c06ec8d8-bac6-11e8-b2b7-ac1f6b6435d0,11
c070d0bc-bad3-11e8-b2b8-ac1f6b6435d0,21
c0718d38-bacc-11e8-b2b8-ac1f6b6435d0,0 25
c075bbb4-bad2-11e8-b2b8-ac1f6b6435d0,24 25
c07d9cae-bac7-11e8-b2b7-ac1f6b6435d0,0 4
c07f11a0-bac8-11e8-b2b8-ac1f6b6435d0,0 4 25
c085ef80-bad6-11e8-b2b9-ac1f6b6435d0,0 19
c0891d46-bacb-11e8-b2b8-ac1f6b6435d0,0 2 21
c08a52d2-bad1-11e8-b2b8-ac1f6b6435d0,0 21 22 25
c08c8b26-bac5-11e8-b2b7-ac1f6b6435d0,0 21 25
c08d8eac-bad6-11e8-b2b9-ac1f6b6435d0,0 25
c08e8f62-bace-11e8-b2b8-ac1f6b6435d0,1
c0966aec-bad4-11e8-b2b8-ac1f6b6435d0,0 21
c09bc8fe-bad7-11e8-b2b9-ac1f6b6435d0,8
c09cdd80-bacc-11e8-b2b8-ac1f6b6435d0,5
c0a18fae-bad8-11e8-b2b9-ac1f6b6435d0,0 21 25
c0b10ac4-bace-11e8-b2b8-ac1f6b6435d0,21 23
c0b1bf1a-bad7-11e8-b2b9-ac1f6b6435d0,0 26
c0b62cec-baca-11e8-b2b8-ac1f6b6435d0,0 25
c0b7bdd2-baca-11e8-b2b8-ac1f6b6435d0,0 25
c0b9c440-bad1-11e8-b2b8-ac1f6b6435d0,2
c0bb3574-bad0-11e8-b2b8-ac1f6b6435d0,0 4 21
c0c091fe-bacb-11e8-b2b8-ac1f6b6435d0,0 11
c0c75098-bad0-11e8-b2b8-ac1f6b6435d0,0 3
c0c79964-baca-11e8-b2b8-ac1f6b6435d0,0 23
c0cee822-bad4-11e8-b2b8-ac1f6b6435d0,0 25
c0e2f330-bac5-11e8-b2b7-ac1f6b6435d0,19
c0e48786-bad9-11e8-b2b9-ac1f6b6435d0,0 7 25
c0ea17d8-bace-11e8-b2b8-ac1f6b6435d0,0 23
c0ea3d40-bac8-11e8-b2b8-ac1f6b6435d0,7 23 25
c0ee6988-bad7-11e8-b2b9-ac1f6b6435d0,0 1 25
c0fdfb2a-bada-11e8-b2b9-ac1f6b6435d0,0
c0fe9b60-bad6-11e8-b2b9-ac1f6b6435d0,0
c100dad2-bad7-11e8-b2b9-ac1f6b6435d0,0 25
c100f260-bad7-11e8-b2b9-ac1f6b6435d0,2 7 21 25
c10295f4-bad5-11e8-b2b9-ac1f6b6435d0,0 21 25
c1095282-baca-11e8-b2b8-ac1f6b6435d0,11 25
c1097994-bad2-11e8-b2b8-ac1f6b6435d0,4
c10a6ba0-bac9-11e8-b2b8-ac1f6b6435d0,23
c110b676-bad4-11e8-b2b8-ac1f6b6435d0,0
c1124138-bad1-11e8-b2b8-ac1f6b6435d0,0 25
c11bf698-bada-11e8-b2b9-ac1f6b6435d0,19 25
c125e302-bad4-11e8-b2b8-ac1f6b6435d0,0 2
c12fa736-bacd-11e8-b2b8-ac1f6b6435d0,0 7 18
c13683c0-bad3-11e8-b2b8-ac1f6b6435d0,0 21 25
c13de09c-bad4-11e8-b2b8-ac1f6b6435d0,0 3
c1441f8c-bad1-11e8-b2b8-ac1f6b6435d0,16 17 25
c14438d6-bac8-11e8-b2b8-ac1f6b6435d0,2 25
c14b2fe0-bad4-11e8-b2b8-ac1f6b6435d0,0 25
c14efc50-bacb-11e8-b2b8-ac1f6b6435d0,0 1 25
c15ed3e2-bac5-11e8-b2b7-ac1f6b6435d0,23 25
c165d7aa-bacf-11e8-b2b8-ac1f6b6435d0,0 2
c16621a0-bac6-11e8-b2b7-ac1f6b6435d0,0 5
c168b490-bad2-11e8-b2b8-ac1f6b6435d0,23 25
c16b1368-bada-11e8-b2b9-ac1f6b6435d0,0 2
c177c7e4-bad4-11e8-b2b8-ac1f6b6435d0,0 21
c1793668-bacc-11e8-b2b8-ac1f6b6435d0,
c179e186-bac6-11e8-b2b7-ac1f6b6435d0,6 25
c17d59e0-bac8-11e8-b2b8-ac1f6b6435d0,0 24
c188290c-bac7-11e8-b2b7-ac1f6b6435d0,0 16 17
c188db04-bacc-11e8-b2b8-ac1f6b6435d0,0
c18ba5f8-bac9-11e8-b2b8-ac1f6b6435d0,0
c1932a86-bad2-11e8-b2b8-ac1f6b6435d0,0 7
c19805e8-bad6-11e8-b2b9-ac1f6b6435d0,0 1
c1a0b72e-bad1-11e8-b2b8-ac1f6b6435d0,0 2 21
c1a49f18-bac9-11e8-b2b8-ac1f6b6435d0,0 25
c1a556ca-bad7-11e8-b2b9-ac1f6b6435d0,7
c1b08f44-bace-11e8-b2b8-ac1f6b6435d0,2 21 25
c1bb6c9e-bac8-11e8-b2b8-ac1f6b6435d0,7
c1bc0e2c-bad4-11e8-b2b8-ac1f6b6435d0,11
c1bdae20-bac6-11e8-b2b7-ac1f6b6435d0,0 7 23
c1c21618-bad0-11e8-b2b8-ac1f6b6435d0,0 22
c1c7c540-bad0-11e8-b2b8-ac1f6b6435d0,0 17 25
c1dc11c4-bacd-11e8-b2b8-ac1f6b6435d0,0 5 25
c1e16d12-bad8-11e8-b2b9-ac1f6b6435d0,14 17
c1f04358-bac6-11e8-b2b7-ac1f6b6435d0,25
c1f18a40-bac8-11e8-b2b8-ac1f6b6435d0,0 25
c1f6644c-bac9-11e8-b2b8-ac1f6b6435d0,0 7
c1f9b7da-bacb-11e8-b2b8-ac1f6b6435d0,13 22
c1fb29fa-bad8-11e8-b2b9-ac1f6b6435d0,0 5 24
c2016084-bada-11e8-b2b9-ac1f6b6435d0,0 19 25
c2077596-bac6-11e8-b2b7-ac1f6b6435d0,0 21 25
c20b05f6-bad7-11e8-b2b9-ac1f6b6435d0,25
c20d669e-bad6-11e8-b2b9-ac1f6b6435d0,23
c212ad90-bad9-11e8-b2b9-ac1f6b6435d0,4
c22188c6-bad7-11e8-b2b9-ac1f6b6435d0,0 23
c2239c88-bad7-11e8-b2b9-ac1f6b6435d0,14 16 17
c2258136-bacf-11e8-b2b8-ac1f6b6435d0,7
c2307ff0-baca-11e8-b2b8-ac1f6b6435d0,0 19
c238d7aa-bac9-11e8-b2b8-ac1f6b6435d0,0 25
c23b8250-bad5-11e8-b2b9-ac1f6b6435d0,6
c2449884-bad2-11e8-b2b8-ac1f6b6435d0,6 25
c246b96a-bace-11e8-b2b8-ac1f6b6435d0,3
c2499122-bad7-11e8-b2b9-ac1f6b6435d0,0 7
c256e31c-bace-11e8-b2b8-ac1f6b6435d0,0 21 22
c259b776-bac5-11e8-b2b7-ac1f6b6435d0,21 25
c25c9900-bacf-11e8-b2b8-ac1f6b6435d0,0
c268b21a-bad1-11e8-b2b8-ac1f6b6435d0,0 23
c26e87d4-bac8-11e8-b2b8-ac1f6b6435d0,7 25
c27d401a-bac5-11e8-b2b7-ac1f6b6435d0,7 25
c2809b04-bacd-11e8-b2b8-ac1f6b6435d0,19
c2869f7e-bad5-11e8-b2b9-ac1f6b6435d0,19 25
c28da572-bad4-11e8-b2b8-ac1f6b6435d0,0 1
c28e3b36-bad4-11e8-b2b8-ac1f6b6435d0,0 2
c2910988-bad9-11e8-b2b9-ac1f6b6435d0,0 23 25
c292992e-bad9-11e8-b2b9-ac1f6b6435d0,23
c2a465d4-bacd-11e8-b2b8-ac1f6b6435d0,0 4 5
c2aae960-bad5-11e8-b2b9-ac1f6b6435d0,0 25
c2ac9c90-bad2-11e8-b2b8-ac1f6b6435d0,0 1 7
c2b80abc-bac8-11e8-b2b8-ac1f6b6435d0,0 22
c2b84c2c-bacb-11e8-b2b8-ac1f6b6435d0,6 25
c2b96eda-bad1-11e8-b2b8-ac1f6b6435d0,6 25
c2bca628-bac6-11e8-b2b7-ac1f6b6435d0,0 19
c2bf4952-bad8-11e8-b2b9-ac1f6b6435d0,25
c2c29d2c-bac5-11e8-b2b7-ac1f6b6435d0,0 19
c2c2beaa-bac6-11e8-b2b7-ac1f6b6435d0,25
c2c499dc-bad5-11e8-b2b9-ac1f6b6435d0,0 3 25
c2c657e4-bac7-11e8-b2b7-ac1f6b6435d0,21 22 25
c2c6b49e-bad3-11e8-b2b8-ac1f6b6435d0,0
c2c7ff32-bad5-11e8-b2b9-ac1f6b6435d0,0 2 25
c2cdc664-bad1-11e8-b2b8-ac1f6b6435d0,25
c2d230be-bacc-11e8-b2b8-ac1f6b6435d0,21 25
c2d3a54c-bac8-11e8-b2b8-ac1f6b6435d0,4
c2e4bcea-bad9-11e8-b2b9-ac1f6b6435d0,0 2
c2ebb21c-bace-11e8-b2b8-ac1f6b6435d0,0 26
c2ebdb64-bacb-11e8-b2b8-ac1f6b6435d0,7 18 25
c2ecdcf0-bad3-11e8-b2b8-ac1f6b6435d0,3 25
c2f3fbb0-bacf-11e8-b2b8-ac1f6b6435d0,0
c2f4ac64-bad8-11e8-b2b9-ac1f6b6435d0,0 23
c314b3e6-bacf-11e8-b2b8-ac1f6b6435d0,23 25
c31a70e6-bac6-11e8-b2b7-ac1f6b6435d0,0 5
c31b522c-bada-11e8-b2b9-ac1f6b6435d0,0 24
c330e6e6-bacb-11e8-b2b8-ac1f6b6435d0,0 21 25
c33848a4-bacc-11e8-b2b8-ac1f6b6435d0,0 21 25
c33b2f9a-bac9-11e8-b2b8-ac1f6b6435d0,0 7
c344bfd2-bacf-11e8-b2b8-ac1f6b6435d0,0 7 23 25
c34e9452-bad0-11e8-b2b8-ac1f6b6435d0,1 21
c3542dc0-bad7-11e8-b2b9-ac1f6b6435d0,2 21 25
c35fff8a-bada-11e8-b2b9-ac1f6b6435d0,25
c366219a-bac5-11e8-b2b7-ac1f6b6435d0,0 21 25
c369ce58-bac5-11e8-b2b7-ac1f6b6435d0,7
c378bfa2-bad0-11e8-b2b8-ac1f6b6435d0,14 25
c3862a62-bac5-11e8-b2b7-ac1f6b6435d0,0 19 25
c387c34c-bad2-11e8-b2b8-ac1f6b6435d0,21
c39870aa-baca-11e8-b2b8-ac1f6b6435d0,0 25
c3a00302-bac9-11e8-b2b8-ac1f6b6435d0,0 5
c3a1ddce-bada-11e8-b2b9-ac1f6b6435d0,0
c3a2715e-bac5-11e8-b2b7-ac1f6b6435d0,0 25
c3a3ae6a-bada-11e8-b2b9-ac1f6b6435d0,21
c3b17b68-bad9-11e8-b2b9-ac1f6b6435d0,0 1 21
c3b23812-bad1-11e8-b2b8-ac1f6b6435d0,0 25
c3b3f946-bad5-11e8-b2b9-ac1f6b6435d0,0 25
c3b4e3a2-bacf-11e8-b2b8-ac1f6b6435d0,11 24
c3b8f3e4-bad3-11e8-b2b8-ac1f6b6435d0,0 25
c3c30b08-bac5-11e8-b2b7-ac1f6b6435d0,0 11
c3c67272-bad7-11e8-b2b9-ac1f6b6435d0,0 16
c3cae198-bad4-11e8-b2b8-ac1f6b6435d0,0 2 25
c3d5b38e-bad9-11e8-b2b9-ac1f6b6435d0,0 7
c3d69d92-bad6-11e8-b2b9-ac1f6b6435d0,
c3da0476-bad3-11e8-b2b8-ac1f6b6435d0,0 1
c3da1108-bac6-11e8-b2b7-ac1f6b6435d0,
c3dcf7f2-bad4-11e8-b2b8-ac1f6b6435d0,25
c3e141c6-bad5-11e8-b2b9-ac1f6b6435d0,0 7
c3e575e6-bad2-11e8-b2b8-ac1f6b6435d0,0 1 25
c3efd628-bad5-11e8-b2b9-ac1f6b6435d0,0 7
c3f316de-bac7-11e8-b2b7-ac1f6b6435d0,25
c3ff8e78-bac7-11e8-b2b7-ac1f6b6435d0,0 7
c3ffb5ce-bac7-11e8-b2b7-ac1f6b6435d0,0 19 26
c4038aea-bacd-11e8-b2b8-ac1f6b6435d0,0 2
c404b2a0-bad5-11e8-b2b9-ac1f6b6435d0,21 25
c40c8616-bad4-11e8-b2b8-ac1f6b6435d0,0 2
c40cb55c-bacd-11e8-b2b8-ac1f6b6435d0,11
c4107e82-bacb-11e8-b2b8-ac1f6b6435d0,25
c41b4bc4-bad9-11e8-b2b9-ac1f6b6435d0,23
c427f21a-bada-11e8-b2b9-ac1f6b6435d0,0 2 23
c432f092-bad1-11e8-b2b8-ac1f6b6435d0,3
c438d0c4-bad2-11e8-b2b8-ac1f6b6435d0,0
c43aea58-bacd-11e8-b2b8-ac1f6b6435d0,0 2 16 17
c441d8e2-bada-11e8-b2b9-ac1f6b6435d0,0 18 19 25
c4432e48-bac8-11e8-b2b8-ac1f6b6435d0,0 25
c44d25f0-bac9-11e8-b2b8-ac1f6b6435d0,0 25
c45248ac-bad6-11e8-b2b9-ac1f6b6435d0,0 14 16 17 25
c4546cc4-bad9-11e8-b2b9-ac1f6b6435d0,0 23
c46305a2-bacc-11e8-b2b8-ac1f6b6435d0,23 25
c479409e-bac5-11e8-b2b7-ac1f6b6435d0,0 25
c4833b50-bacd-11e8-b2b8-ac1f6b6435d0,0
c484d858-bad6-11e8-b2b9-ac1f6b6435d0,25
c4877950-bad6-11e8-b2b9-ac1f6b6435d0,0 21
c491142a-bac6-11e8-b2b7-ac1f6b6435d0,0 25
c49401e0-bad4-11e8-b2b8-ac1f6b6435d0,0 25
c495b92c-bad4-11e8-b2b8-ac1f6b6435d0,0 18 25
c4970d72-bad9-11e8-b2b9-ac1f6b6435d0,0 5
c4978bfc-bad5-11e8-b2b9-ac1f6b6435d0,0 2
c49bbe38-bad6-11e8-b2b9-ac1f6b6435d0,23
c49d1f8e-bac8-11e8-b2b8-ac1f6b6435d0,14
c49f78b6-bad1-11e8-b2b8-ac1f6b6435d0,2 25
c4a61f98-bac9-11e8-b2b8-ac1f6b6435d0,0 25
c4ad1a3a-bada-11e8-b2b9-ac1f6b6435d0,11
c4b474ce-bad5-11e8-b2b9-ac1f6b6435d0,0 19
c4b478ac-bada-11e8-b2b9-ac1f6b6435d0,0 2
c4b77cbc-bac8-11e8-b2b8-ac1f6b6435d0,0 25
c4c1ebfe-bad5-11e8-b2b9-ac1f6b6435d0,6
c4d46cd2-bad2-11e8-b2b8-ac1f6b6435d0,0 1
c4e49486-bacd-11e8-b2b8-ac1f6b6435d0,0 5 25
c4f4ce8c-bac8-11e8-b2b8-ac1f6b6435d0,5 25 26
c4f51286-bacb-11e8-b2b8-ac1f6b6435d0,0 1
c4f5b1e2-bad9-11e8-b2b9-ac1f6b6435d0,0 21
c4fe6d0e-bad0-11e8-b2b8-ac1f6b6435d0,0 25
c4ffb2ae-bacb-11e8-b2b8-ac1f6b6435d0,0 7
c5016d2a-baca-11e8-b2b8-ac1f6b6435d0,0 25
c505a4f4-bace-11e8-b2b8-ac1f6b6435d0,21 25
c510b9b4-bad0-11e8-b2b8-ac1f6b6435d0,25
c5158efa-bad8-11e8-b2b9-ac1f6b6435d0,0 21 25
c52b229e-bac7-11e8-b2b7-ac1f6b6435d0,0 3
c52d7a26-bacc-11e8-b2b8-ac1f6b6435d0,0 2 19
c52f1abe-bace-11e8-b2b8-ac1f6b6435d0,0 2 18 25
c5317b98-bad7-11e8-b2b9-ac1f6b6435d0,0 4
c531e252-bacf-11e8-b2b8-ac1f6b6435d0,3
c5371ec0-bad9-11e8-b2b9-ac1f6b6435d0,0 19
c53c405e-bace-11e8-b2b8-ac1f6b6435d0,16 17 25
c54a87e6-bacd-11e8-b2b8-ac1f6b6435d0,0 25
c54b4f58-baca-11e8-b2b8-ac1f6b6435d0,0 1 25
c5541fa4-bad2-11e8-b2b8-ac1f6b6435d0,7
c5603300-bac5-11e8-b2b7-ac1f6b6435d0,0 2 3 25
c56858a6-bad8-11e8-b2b9-ac1f6b6435d0,0 24 25
c56b9f04-bacc-11e8-b2b8-ac1f6b6435d0,0 25
c56e0b60-baca-11e8-b2b8-ac1f6b6435d0,0
c5735ec6-bac5-11e8-b2b7-ac1f6b6435d0,0 24 25 26
c576035c-bac9-11e8-b2b8-ac1f6b6435d0,23
c57742e0-bac8-11e8-b2b8-ac1f6b6435d0,7 23
c5775314-bacf-11e8-b2b8-ac1f6b6435d0,18 25
c580e486-bad6-11e8-b2b9-ac1f6b6435d0,0 2
c58128ec-bac7-11e8-b2b7-ac1f6b6435d0,0 4
c583acc0-bacc-11e8-b2b8-ac1f6b6435d0,2 7
c583fcd2-bad3-11e8-b2b8-ac1f6b6435d0,0 11 25
c5889b12-bacd-11e8-b2b8-ac1f6b6435d0,7 25
c5896c48-bacf-11e8-b2b8-ac1f6b6435d0,2 25
c58ed80c-bad1-11e8-b2b8-ac1f6b6435d0,25
c59452c6-bace-11e8-b2b8-ac1f6b6435d0,21
c5969d98-bac8-11e8-b2b8-ac1f6b6435d0,25
c598e8ba-bad1-11e8-b2b8-ac1f6b6435d0,0 25
c598f4f6-bad4-11e8-b2b8-ac1f6b6435d0,0 25
c59ba7d0-bad6-11e8-b2b9-ac1f6b6435d0,0
c5a45eea-bad4-11e8-b2b8-ac1f6b6435d0,19 23
c5adbccc-bac7-11e8-b2b7-ac1f6b6435d0,0 2
c5aec082-bac6-11e8-b2b7-ac1f6b6435d0,2 7 21 25
c5b18666-bac9-11e8-b2b8-ac1f6b6435d0,0 2
c5b71088-bac7-11e8-b2b7-ac1f6b6435d0,21
c5b7fb14-bacd-11e8-b2b8-ac1f6b6435d0,21 25
c5b837ca-bac6-11e8-b2b7-ac1f6b6435d0,0 2
c5beb4b4-bac7-11e8-b2b7-ac1f6b6435d0,3
c5c3f4f6-bad1-11e8-b2b8-ac1f6b6435d0,2
c5c5627a-bacf-11e8-b2b8-ac1f6b6435d0,4 21 25
c5c5f7a2-bac6-11e8-b2b7-ac1f6b6435d0,11 25
c5cae6ea-bad0-11e8-b2b8-ac1f6b6435d0,25
c5cd913e-bacf-11e8-b2b8-ac1f6b6435d0,0 2
c5ce189e-bad8-11e8-b2b9-ac1f6b6435d0,0 20
c5d1d3ea-bac8-11e8-b2b8-ac1f6b6435d0,0 1
c5d24c40-bad1-11e8-b2b8-ac1f6b6435d0,3 23
c5d338b8-bad5-11e8-b2b9-ac1f6b6435d0,0 20
c5d94c04-bac5-11e8-b2b7-ac1f6b6435d0,0 22 24
c5deab72-bad9-11e8-b2b9-ac1f6b6435d0,0 25
c5eb427e-bad4-11e8-b2b8-ac1f6b6435d0,11
c5f2732c-bada-11e8-b2b9-ac1f6b6435d0,0 7
c5f35a0c-bad1-11e8-b2b8-ac1f6b6435d0,0 16
c5f866e4-bad3-11e8-b2b8-ac1f6b6435d0,0 3 21 25
c5fc98e4-bad9-11e8-b2b9-ac1f6b6435d0,0 18 19
c60a9492-bad1-11e8-b2b8-ac1f6b6435d0,0 7 25
c60c58b8-bad6-11e8-b2b9-ac1f6b6435d0,0 4 5
c6127320-bacb-11e8-b2b8-ac1f6b6435d0,21
c618649a-bad2-11e8-b2b8-ac1f6b6435d0,23
c61a3628-bacb-11e8-b2b8-ac1f6b6435d0,0 25
c61cc4ca-bad4-11e8-b2b8-ac1f6b6435d0,13
c62a2d8e-bad1-11e8-b2b8-ac1f6b6435d0,0 25
c632e2ce-bac9-11e8-b2b8-ac1f6b6435d0,0 25
c632f25e-bacf-11e8-b2b8-ac1f6b6435d0,0 25
c6347ea8-baca-11e8-b2b8-ac1f6b6435d0,0 14
c634a500-bac9-11e8-b2b8-ac1f6b6435d0,17 21 25
c638e5a8-bad7-11e8-b2b9-ac1f6b6435d0,0 25 26
c63a5fe8-bad5-11e8-b2b9-ac1f6b6435d0,23 25
c6486918-bad9-11e8-b2b9-ac1f6b6435d0,0
c64b3c78-bad5-11e8-b2b9-ac1f6b6435d0,5 21
c64ca164-bace-11e8-b2b8-ac1f6b6435d0,0 11 21 25
c64fbc64-bac9-11e8-b2b8-ac1f6b6435d0,0
c6537b70-bacd-11e8-b2b8-ac1f6b6435d0,0 18 25
c6545042-bac6-11e8-b2b7-ac1f6b6435d0,0 21
c656df6a-bada-11e8-b2b9-ac1f6b6435d0,0 5 25
c65ac490-bacb-11e8-b2b8-ac1f6b6435d0,4 21 25
c65bfd64-bac7-11e8-b2b7-ac1f6b6435d0,11
c662a238-bacf-11e8-b2b8-ac1f6b6435d0,0 2 19 25
c663547a-bac6-11e8-b2b7-ac1f6b6435d0,0 21 22
c664767c-bad8-11e8-b2b9-ac1f6b6435d0,0 21 25
c6662cc8-baca-11e8-b2b8-ac1f6b6435d0,0 25
c66d5f96-bac7-11e8-b2b7-ac1f6b6435d0,0 23
c672695c-baca-11e8-b2b8-ac1f6b6435d0,0 2 22
c6802f50-bacb-11e8-b2b8-ac1f6b6435d0,13
c6911e30-bac8-11e8-b2b8-ac1f6b6435d0,0 5 6 25
c692e0f2-bac9-11e8-b2b8-ac1f6b6435d0,0 23
c696629e-baca-11e8-b2b8-ac1f6b6435d0,7 11 25
c6a698d4-bad0-11e8-b2b8-ac1f6b6435d0,0 25
c6a72c04-bada-11e8-b2b9-ac1f6b6435d0,0 23
c6ba47c0-bac7-11e8-b2b7-ac1f6b6435d0,17 21 25
c6c1b140-bad6-11e8-b2b9-ac1f6b6435d0,0 22 25
c6c32ede-bacd-11e8-b2b8-ac1f6b6435d0,2 4 25
c6c5c1b6-bace-11e8-b2b8-ac1f6b6435d0,18 19
c6c9c8da-bacc-11e8-b2b8-ac1f6b6435d0,0 1
c6d03ec8-bad0-11e8-b2b8-ac1f6b6435d0,18 19 25
c6e794c4-bad0-11e8-b2b8-ac1f6b6435d0,0
c6f9aa3c-bad6-11e8-b2b9-ac1f6b6435d0,0 21 22
c6fcc72a-bad7-11e8-b2b9-ac1f6b6435d0,2
c6fceb66-bad6-11e8-b2b9-ac1f6b6435d0,16 17 25
c6fd13d8-bad2-11e8-b2b8-ac1f6b6435d0,0 25
c700c456-bad2-11e8-b2b8-ac1f6b6435d0,0 5 21
c709c3b6-bac9-11e8-b2b8-ac1f6b6435d0,2 25
c70c7582-bad5-11e8-b2b9-ac1f6b6435d0,23
c70c9230-bac9-11e8-b2b8-ac1f6b6435d0,11 23
c70d3b82-bac8-11e8-b2b8-ac1f6b6435d0,0 5 24
c70ec8b6-bad8-11e8-b2b9-ac1f6b6435d0,0 25
c7109768-bad8-11e8-b2b9-ac1f6b6435d0,2
c712c3fa-bad6-11e8-b2b9-ac1f6b6435d0,18 19
c71b30d8-bad3-11e8-b2b8-ac1f6b6435d0,18
c71f637c-bad0-11e8-b2b8-ac1f6b6435d0,26
c722507e-bac5-11e8-b2b7-ac1f6b6435d0,0
c726cc48-bad5-11e8-b2b9-ac1f6b6435d0,6 25
c72a623a-bac7-11e8-b2b7-ac1f6b6435d0,0 19
c72a7268-baca-11e8-b2b8-ac1f6b6435d0,0 25
c72c6a4c-bace-11e8-b2b8-ac1f6b6435d0,25
c72dc248-bad8-11e8-b2b9-ac1f6b6435d0,0 21 23
c733e498-bad8-11e8-b2b9-ac1f6b6435d0,0 2 25
c7376b9c-bacc-11e8-b2b8-ac1f6b6435d0,0 5 21 25
c7411f62-bada-11e8-b2b9-ac1f6b6435d0,0 1
c741ddc8-bac9-11e8-b2b8-ac1f6b6435d0,0 23
c74569f0-bad0-11e8-b2b8-ac1f6b6435d0,0 18 25
c74636ec-bad9-11e8-b2b9-ac1f6b6435d0,0 7 25
c747d83c-bad7-11e8-b2b9-ac1f6b6435d0,0 19
c753306e-bad3-11e8-b2b8-ac1f6b6435d0,0 25
c759d266-bac9-11e8-b2b8-ac1f6b6435d0,0 1
c75adfa6-bad5-11e8-b2b9-ac1f6b6435d0,0 5 21
c775fb6e-bacc-11e8-b2b8-ac1f6b6435d0,0 5 19 25
c78652b6-bad6-11e8-b2b9-ac1f6b6435d0,0 12 21 25
c787d99c-bacc-11e8-b2b8-ac1f6b6435d0,0 21 22
c79acb26-bacf-11e8-b2b8-ac1f6b6435d0,13
c7b65e50-bac9-11e8-b2b8-ac1f6b6435d0,2 14 17 25
c7b6862e-bad7-11e8-b2b9-ac1f6b6435d0,25
c7c651c0-bace-11e8-b2b8-ac1f6b6435d0,4
c7d5dcd0-bac9-11e8-b2b8-ac1f6b6435d0,0 2 14 21 25
c7e20920-bacd-11e8-b2b8-ac1f6b6435d0,7 21
c7ebc80a-bacf-11e8-b2b8-ac1f6b6435d0,0 4 25
c7f2fd0c-bad2-11e8-b2b8-ac1f6b6435d0,0 2
c7f30a02-bacf-11e8-b2b8-ac1f6b6435d0,0 5 25
c7f7fa6c-bad9-11e8-b2b9-ac1f6b6435d0,21 25
c80162ea-bacb-11e8-b2b8-ac1f6b6435d0,0 7 23
c80f5370-bad8-11e8-b2b9-ac1f6b6435d0,0 2 25
c815f312-bacc-11e8-b2b8-ac1f6b6435d0,0 3
c8180284-bacb-11e8-b2b8-ac1f6b6435d0,0 25
c821fab4-bacb-11e8-b2b8-ac1f6b6435d0,0 25 26
c8226dc8-bacb-11e8-b2b8-ac1f6b6435d0,0 24 25
c825a0f6-bada-11e8-b2b9-ac1f6b6435d0,7
c833d51e-baca-11e8-b2b8-ac1f6b6435d0,0 25
c83c65f2-bada-11e8-b2b9-ac1f6b6435d0,21 25
c8409cda-bacb-11e8-b2b8-ac1f6b6435d0,0 17 25
c8500662-bad9-11e8-b2b9-ac1f6b6435d0,0 18 25
c851e4c0-bad7-11e8-b2b9-ac1f6b6435d0,23
c859fe32-bac6-11e8-b2b7-ac1f6b6435d0,0 23 25
c85d0288-bad7-11e8-b2b9-ac1f6b6435d0,
c863dd34-bacc-11e8-b2b8-ac1f6b6435d0,0
c863e18c-baca-11e8-b2b8-ac1f6b6435d0,23 25
c86b476c-bac8-11e8-b2b8-ac1f6b6435d0,23
c86c0e4c-bacb-11e8-b2b8-ac1f6b6435d0,19 25
c874f388-bace-11e8-b2b8-ac1f6b6435d0,1
c875541c-bad9-11e8-b2b9-ac1f6b6435d0,0 2
c87ba6c2-bada-11e8-b2b9-ac1f6b6435d0,21 22
c8807af2-bad6-11e8-b2b9-ac1f6b6435d0,0 3
c88adc5a-bac6-11e8-b2b7-ac1f6b6435d0,23
c88ed062-bada-11e8-b2b9-ac1f6b6435d0,0 1 25
c8992e26-bacc-11e8-b2b8-ac1f6b6435d0,19 25
c899a032-bad5-11e8-b2b9-ac1f6b6435d0,0 25
c899a228-bad3-11e8-b2b8-ac1f6b6435d0,0 16 17 25
c89c8a3c-bad4-11e8-b2b8-ac1f6b6435d0,24 25
c8a1ceb0-bac6-11e8-b2b7-ac1f6b6435d0,0 3
c8ab7746-bad8-11e8-b2b9-ac1f6b6435d0,0 21
c8c0b416-bad4-11e8-b2b8-ac1f6b6435d0,14 16 17
c8c81a22-bace-11e8-b2b8-ac1f6b6435d0,19
c8defeb6-bad0-11e8-b2b8-ac1f6b6435d0,0
c8e122be-bac5-11e8-b2b7-ac1f6b6435d0,0 4
c8e71e98-bac6-11e8-b2b7-ac1f6b6435d0,0
c8ec936e-bad0-11e8-b2b8-ac1f6b6435d0,0 19 25
c8ece606-bacc-11e8-b2b8-ac1f6b6435d0,25
c8faffe0-bac5-11e8-b2b7-ac1f6b6435d0,0 5 25
c903aea2-bad8-11e8-b2b9-ac1f6b6435d0,0 25
c909bf0c-bac6-11e8-b2b7-ac1f6b6435d0,0 25
c915e3a2-bacd-11e8-b2b8-ac1f6b6435d0,25
c9173244-bac7-11e8-b2b7-ac1f6b6435d0,21 25
c917ee6e-bad6-11e8-b2b9-ac1f6b6435d0,0 7
c91c5460-bac5-11e8-b2b7-ac1f6b6435d0,0 25
c91f0cd8-bad8-11e8-b2b9-ac1f6b6435d0,14
c92499e0-bacf-11e8-b2b8-ac1f6b6435d0,0 26
c9330bd4-bace-11e8-b2b8-ac1f6b6435d0,4 25
c93566e4-bad9-11e8-b2b9-ac1f6b6435d0,7
c9367afc-bad9-11e8-b2b9-ac1f6b6435d0,0 19 25
c937dc30-bacf-11e8-b2b8-ac1f6b6435d0,0 18 21 25
c9430810-bad1-11e8-b2b8-ac1f6b6435d0,2 21
c944a444-bad2-11e8-b2b8-ac1f6b6435d0,19
c9470dde-bad1-11e8-b2b8-ac1f6b6435d0,5 26
c94c7054-bac6-11e8-b2b7-ac1f6b6435d0,0 21 25
c951cb00-bad3-11e8-b2b8-ac1f6b6435d0,0 25
c95d8f7e-bada-11e8-b2b9-ac1f6b6435d0,0 21
c95e097a-bac8-11e8-b2b8-ac1f6b6435d0,0 19
c971c8da-bac7-11e8-b2b7-ac1f6b6435d0,14
c976c310-bad3-11e8-b2b8-ac1f6b6435d0,0 21
c9776106-bad0-11e8-b2b8-ac1f6b6435d0,23
c97a7bb0-bad6-11e8-b2b9-ac1f6b6435d0,22
c97bebf0-bad4-11e8-b2b8-ac1f6b6435d0,4 12 25
c97ec9c6-bac8-11e8-b2b8-ac1f6b6435d0,0 21 26
c97ecaae-bada-11e8-b2b9-ac1f6b6435d0,0 25
c98209b6-bac7-11e8-b2b7-ac1f6b6435d0,0 25
c98a99f8-bad8-11e8-b2b9-ac1f6b6435d0,0 3
c98f0e82-bad5-11e8-b2b9-ac1f6b6435d0,14 25
c99844c8-bacd-11e8-b2b8-ac1f6b6435d0,18 19
c99e8bd6-bac7-11e8-b2b7-ac1f6b6435d0,21 25
c99ec578-bacd-11e8-b2b8-ac1f6b6435d0,0 25
c9a1f082-bac7-11e8-b2b7-ac1f6b6435d0,7
c9b04754-bacc-11e8-b2b8-ac1f6b6435d0,0 25
c9bbe484-bad0-11e8-b2b8-ac1f6b6435d0,0 2
c9bfaa88-bac6-11e8-b2b7-ac1f6b6435d0,23 25
c9c17064-bad2-11e8-b2b8-ac1f6b6435d0,7 25
c9c391a8-bac5-11e8-b2b7-ac1f6b6435d0,0 25 26
c9d2bdca-bac7-11e8-b2b7-ac1f6b6435d0,20 26
c9ed2450-baca-11e8-b2b8-ac1f6b6435d0,0 14 16 17
c9f1c3ce-bada-11e8-b2b9-ac1f6b6435d0,0 2 7 25
c9f1e38c-bac5-11e8-b2b7-ac1f6b6435d0,25
c9f23628-bacc-11e8-b2b8-ac1f6b6435d0,0 2 14
c9f23dce-bace-11e8-b2b8-ac1f6b6435d0,1
c9f2a95a-bacc-11e8-b2b8-ac1f6b6435d0,0 2 25
c9fe23a8-bacb-11e8-b2b8-ac1f6b6435d0,0 1 2
ca008158-bac5-11e8-b2b7-ac1f6b6435d0,0 23 25
ca041476-bad9-11e8-b2b9-ac1f6b6435d0,0 7
ca043ddc-bacc-11e8-b2b8-ac1f6b6435d0,21
ca052b42-bacd-11e8-b2b8-ac1f6b6435d0,0 4 19 25
ca07c40e-bad4-11e8-b2b8-ac1f6b6435d0,3
ca1119f6-bad8-11e8-b2b9-ac1f6b6435d0,7
ca13f3e6-bad9-11e8-b2b9-ac1f6b6435d0,14 25
ca167a74-bad1-11e8-b2b8-ac1f6b6435d0,0
ca1c2f3a-bace-11e8-b2b8-ac1f6b6435d0,3 25
ca1fcaa6-bacd-11e8-b2b8-ac1f6b6435d0,2 25
ca235e22-bad3-11e8-b2b8-ac1f6b6435d0,2 21 25
ca299558-bad8-11e8-b2b9-ac1f6b6435d0,0 22
ca2b8ff8-bacd-11e8-b2b8-ac1f6b6435d0,13 25
ca2ee468-bace-11e8-b2b8-ac1f6b6435d0,0 25 26
ca2f3cc0-bad2-11e8-b2b8-ac1f6b6435d0,0 7
ca35a3d0-bad2-11e8-b2b8-ac1f6b6435d0,21 25
ca36a5c0-bacb-11e8-b2b8-ac1f6b6435d0,0 5 25
ca37d04e-bacb-11e8-b2b8-ac1f6b6435d0,0 25
ca3b733e-bada-11e8-b2b9-ac1f6b6435d0,0 2
ca3dab7a-bad2-11e8-b2b8-ac1f6b6435d0,0 25
ca41e65a-bac7-11e8-b2b7-ac1f6b6435d0,25
ca476c2e-bac7-11e8-b2b7-ac1f6b6435d0,0 25
ca4bc9d4-bad8-11e8-b2b9-ac1f6b6435d0,0 12 25
ca4f170e-bacb-11e8-b2b8-ac1f6b6435d0,0 1 25
ca4f9bea-bad8-11e8-b2b9-ac1f6b6435d0,21
ca53d97c-bad7-11e8-b2b9-ac1f6b6435d0,0 21 25
ca56c2f2-bacf-11e8-b2b8-ac1f6b6435d0,0 25
ca5d409a-bacb-11e8-b2b8-ac1f6b6435d0,0 1 12
ca6a2526-bac6-11e8-b2b7-ac1f6b6435d0,23 25
ca6af7d0-bad5-11e8-b2b9-ac1f6b6435d0,12
ca6cf13e-bad0-11e8-b2b8-ac1f6b6435d0,0 25
ca6d0032-bad2-11e8-b2b8-ac1f6b6435d0,21 25
ca6d4d22-bacc-11e8-b2b8-ac1f6b6435d0,0 16 17 21 25
ca710a9c-bad7-11e8-b2b9-ac1f6b6435d0,0 1 25
ca711bec-bad0-11e8-b2b8-ac1f6b6435d0,0 2
ca7369ba-bad5-11e8-b2b9-ac1f6b6435d0,7 21 25
ca7a1f1a-bac8-11e8-b2b8-ac1f6b6435d0,21
ca878ab2-bad5-11e8-b2b9-ac1f6b6435d0,11
ca8bab5e-bad7-11e8-b2b9-ac1f6b6435d0,23
ca8c2dc0-bac5-11e8-b2b7-ac1f6b6435d0,0 12
ca8cdf74-bac8-11e8-b2b8-ac1f6b6435d0,0 4 25
ca9a602a-baca-11e8-b2b8-ac1f6b6435d0,25
ca9e88c0-bad0-11e8-b2b8-ac1f6b6435d0,11
ca9f6ad0-bac9-11e8-b2b8-ac1f6b6435d0,12 13
caa30286-bac8-11e8-b2b8-ac1f6b6435d0,4
caa6421a-bad8-11e8-b2b9-ac1f6b6435d0,11 23
cab12134-bad9-11e8-b2b9-ac1f6b6435d0,13
cab1b73c-bad1-11e8-b2b8-ac1f6b6435d0,0
cab69b5e-bad0-11e8-b2b8-ac1f6b6435d0,0 22
cabd5294-bac8-11e8-b2b8-ac1f6b6435d0,24
cac26ddc-bac9-11e8-b2b8-ac1f6b6435d0,0 7 23
cac32e8e-bac9-11e8-b2b8-ac1f6b6435d0,0 25
cacf0a6a-bac9-11e8-b2b8-ac1f6b6435d0,2 25
cad541c4-bad2-11e8-b2b8-ac1f6b6435d0,23
cadf2270-bacd-11e8-b2b8-ac1f6b6435d0,25
caecdd16-bad7-11e8-b2b9-ac1f6b6435d0,0 25
caeea362-bad7-11e8-b2b9-ac1f6b6435d0,5
caf7d7aa-bad4-11e8-b2b8-ac1f6b6435d0,0 25
caf9e412-bad1-11e8-b2b8-ac1f6b6435d0,7
cafce92e-bad0-11e8-b2b8-ac1f6b6435d0,0 7
cb0744b6-bad3-11e8-b2b8-ac1f6b6435d0,0
cb0fcd24-bad4-11e8-b2b8-ac1f6b6435d0,23
cb1a3fb8-bad2-11e8-b2b8-ac1f6b6435d0,19
cb1abcd2-bac7-11e8-b2b7-ac1f6b6435d0,14
cb2712f4-bad4-11e8-b2b8-ac1f6b6435d0,0 7
cb2989c8-bad2-11e8-b2b8-ac1f6b6435d0,0 25
cb34a856-bacf-11e8-b2b8-ac1f6b6435d0,22
cb413c4c-bacf-11e8-b2b8-ac1f6b6435d0,0 21
cb469186-bac7-11e8-b2b7-ac1f6b6435d0,14
cb4760a2-bacc-11e8-b2b8-ac1f6b6435d0,23
cb4c80f8-bad3-11e8-b2b8-ac1f6b6435d0,21 25
cb4e5ebe-bad3-11e8-b2b8-ac1f6b6435d0,0 16 17 25
cb504c48-bac8-11e8-b2b8-ac1f6b6435d0,5
cb51c314-bacf-11e8-b2b8-ac1f6b6435d0,14 25
cb52cff4-bacd-11e8-b2b8-ac1f6b6435d0,0
cb5f3ea6-bacd-11e8-b2b8-ac1f6b6435d0,4
cb6681e6-bacf-11e8-b2b8-ac1f6b6435d0,23
cb692ee6-bad4-11e8-b2b8-ac1f6b6435d0,0 25
cb7849f2-bada-11e8-b2b9-ac1f6b6435d0,0 23
cb7ac94e-bad4-11e8-b2b8-ac1f6b6435d0,4
cb7e6afe-baca-11e8-b2b8-ac1f6b6435d0,0 1 25
cb7ea8c8-bad6-11e8-b2b9-ac1f6b6435d0,0 21 22
cb876462-bacd-11e8-b2b8-ac1f6b6435d0,24
cb8bbda8-bac5-11e8-b2b7-ac1f6b6435d0,7 25
cb8c4e34-bada-11e8-b2b9-ac1f6b6435d0,0 2 25
cb9339dc-bad1-11e8-b2b8-ac1f6b6435d0,0 25
cb955e1a-bac7-11e8-b2b7-ac1f6b6435d0,0
cb95a28c-bacf-11e8-b2b8-ac1f6b6435d0,7 18 25
cb96f342-bacc-11e8-b2b8-ac1f6b6435d0,23
cb9c643e-bad2-11e8-b2b8-ac1f6b6435d0,0 11 21
cb9fed06-bace-11e8-b2b8-ac1f6b6435d0,0 3
cba619ae-bada-11e8-b2b9-ac1f6b6435d0,23
cba817d8-bad8-11e8-b2b9-ac1f6b6435d0,0 21 25
cba935a4-baca-11e8-b2b8-ac1f6b6435d0,0 7 25
cbbb18ae-bacb-11e8-b2b8-ac1f6b6435d0,25
cbbe64d6-bad6-11e8-b2b9-ac1f6b6435d0,0 21 25
cbc9fd1e-bad1-11e8-b2b8-ac1f6b6435d0,0 14 16 17
cbd36a62-bacb-11e8-b2b8-ac1f6b6435d0,6 25
cbd928e4-bad5-11e8-b2b9-ac1f6b6435d0,14 17 25
cbdb107c-bac7-11e8-b2b7-ac1f6b6435d0,2 21
cbe274b6-bad6-11e8-b2b9-ac1f6b6435d0,0 25
cbe8b428-bace-11e8-b2b8-ac1f6b6435d0,0 2 21 25
cbe97c06-bad2-11e8-b2b8-ac1f6b6435d0,4 21 25
cbf0e974-bad6-11e8-b2b9-ac1f6b6435d0,19
cbf0f8fc-bad5-11e8-b2b9-ac1f6b6435d0,7
cbf2d774-bad7-11e8-b2b9-ac1f6b6435d0,7 12 13
cbf31b4a-bacc-11e8-b2b8-ac1f6b6435d0,0 19
cbf78f0c-bac9-11e8-b2b8-ac1f6b6435d0,0 25
cbfc8ef2-bad4-11e8-b2b8-ac1f6b6435d0,6
cbfe766e-bace-11e8-b2b8-ac1f6b6435d0,0 14 16 17
cc0b9a20-bad7-11e8-b2b9-ac1f6b6435d0,0 23
cc11da28-bac5-11e8-b2b7-ac1f6b6435d0,0 16
cc146f56-bad7-11e8-b2b9-ac1f6b6435d0,0 2
cc154654-bad4-11e8-b2b8-ac1f6b6435d0,25
cc166774-bad3-11e8-b2b8-ac1f6b6435d0,0 2 3
cc19e6e2-bac9-11e8-b2b8-ac1f6b6435d0,0 23 26
cc24ebb0-bad7-11e8-b2b9-ac1f6b6435d0,7 23
cc27bc24-bac7-11e8-b2b7-ac1f6b6435d0,14 16 17 25
cc2cf0f8-bacd-11e8-b2b8-ac1f6b6435d0,4 14 25
cc358864-bacb-11e8-b2b8-ac1f6b6435d0,0 25
cc3ae1e2-bac6-11e8-b2b7-ac1f6b6435d0,21 23 25
cc42b63a-bace-11e8-b2b8-ac1f6b6435d0,0 25
cc44a5a2-baca-11e8-b2b8-ac1f6b6435d0,2
cc496ebc-bad8-11e8-b2b9-ac1f6b6435d0,0 24
cc581bb0-bac9-11e8-b2b8-ac1f6b6435d0,23
cc58518c-bad0-11e8-b2b8-ac1f6b6435d0,0 21 25
cc59b7d8-bac7-11e8-b2b7-ac1f6b6435d0,0 2 19 25
cc5d7c70-bac6-11e8-b2b7-ac1f6b6435d0,21 25
cc616d76-bacb-11e8-b2b8-ac1f6b6435d0,0 3
cc6171b0-bad3-11e8-b2b8-ac1f6b6435d0,0 25
cc65817c-bad5-11e8-b2b9-ac1f6b6435d0,0 25
cc686642-bacd-11e8-b2b8-ac1f6b6435d0,0 19
cc7536bc-bad0-11e8-b2b8-ac1f6b6435d0,0 5 15
cc7c8220-bace-11e8-b2b8-ac1f6b6435d0,0
cc7eacac-bacf-11e8-b2b8-ac1f6b6435d0,0 12
cc8136a4-bac8-11e8-b2b8-ac1f6b6435d0,18 25
cc8a0fc6-bad3-11e8-b2b8-ac1f6b6435d0,6
cc923936-bac8-11e8-b2b8-ac1f6b6435d0,14 17
cc99d248-bac5-11e8-b2b7-ac1f6b6435d0,7
cc9d550e-bad3-11e8-b2b8-ac1f6b6435d0,0 25
cc9de2a2-bacf-11e8-b2b8-ac1f6b6435d0,21
cca5df48-bacf-11e8-b2b8-ac1f6b6435d0,0 7
ccb55922-bad5-11e8-b2b9-ac1f6b6435d0,0 25 26
ccb83058-baca-11e8-b2b8-ac1f6b6435d0,0 5
ccbabaec-bac7-11e8-b2b7-ac1f6b6435d0,11
ccc012b2-bad1-11e8-b2b8-ac1f6b6435d0,0 14 17
cccc1dcc-bacd-11e8-b2b8-ac1f6b6435d0,3
ccd549cc-bac5-11e8-b2b7-ac1f6b6435d0,0 2 22
ccd70b2c-bacf-11e8-b2b8-ac1f6b6435d0,0 1 2
cce2ee0c-bace-11e8-b2b8-ac1f6b6435d0,0 25
cce844e0-bada-11e8-b2b9-ac1f6b6435d0,23 25
ccea7c62-bad8-11e8-b2b9-ac1f6b6435d0,7 25
cceb5900-bac6-11e8-b2b7-ac1f6b6435d0,6 25
ccf09568-bad1-11e8-b2b8-ac1f6b6435d0,3
ccf713f2-bad1-11e8-b2b8-ac1f6b6435d0,0 14
ccf763f6-bad7-11e8-b2b9-ac1f6b6435d0,
ccf83db2-bad2-11e8-b2b8-ac1f6b6435d0,25
ccf99f5c-bad9-11e8-b2b9-ac1f6b6435d0,0 23 25
ccfaf49a-bacc-11e8-b2b8-ac1f6b6435d0,0 21 25
cd003b60-bace-11e8-b2b8-ac1f6b6435d0,0 25
cd0043ce-bac6-11e8-b2b7-ac1f6b6435d0,24 25
cd0184e6-bacb-11e8-b2b8-ac1f6b6435d0,0 25
cd11798c-bac6-11e8-b2b7-ac1f6b6435d0,0 25
cd166170-bad7-11e8-b2b9-ac1f6b6435d0,23
cd34da0e-bad9-11e8-b2b9-ac1f6b6435d0,0 4 25
cd37b0f2-bac6-11e8-b2b7-ac1f6b6435d0,0 20
cd3b57f6-bac7-11e8-b2b7-ac1f6b6435d0,0 1 19
cd3bcbf4-bad7-11e8-b2b9-ac1f6b6435d0,13
cd3ce952-bad8-11e8-b2b9-ac1f6b6435d0,0 21 25
cd402d7c-bad5-11e8-b2b9-ac1f6b6435d0,0 18 19
cd40b056-bad7-11e8-b2b9-ac1f6b6435d0,0 19
cd4632aa-bac9-11e8-b2b8-ac1f6b6435d0,18 19
cd4d4646-bad1-11e8-b2b8-ac1f6b6435d0,1
cd4fabc8-bad3-11e8-b2b8-ac1f6b6435d0,4
cd554e4e-bacd-11e8-b2b8-ac1f6b6435d0,0 21 22 25
cd5762ba-bacd-11e8-b2b8-ac1f6b6435d0,0 25 26
cd65acb6-bad8-11e8-b2b9-ac1f6b6435d0,0 2 25
cd686b08-baca-11e8-b2b8-ac1f6b6435d0,0 21 25
cd6cdaa8-bad9-11e8-b2b9-ac1f6b6435d0,0 23
cd7a3216-bac5-11e8-b2b7-ac1f6b6435d0,0 25
cd80655e-bad0-11e8-b2b8-ac1f6b6435d0,0 23
cd83820a-bad2-11e8-b2b8-ac1f6b6435d0,0 25
cd8b2ab8-bad3-11e8-b2b8-ac1f6b6435d0,0 4
cd915274-bada-11e8-b2b9-ac1f6b6435d0,0 21
cd96f408-bad6-11e8-b2b9-ac1f6b6435d0,0 2
cda86f40-bad5-11e8-b2b9-ac1f6b6435d0,25
cdaf4e2e-bad9-11e8-b2b9-ac1f6b6435d0,0 25
cdb72b0e-bace-11e8-b2b8-ac1f6b6435d0,0 12
cdc42d02-bad5-11e8-b2b9-ac1f6b6435d0,0 2
cdd31e5a-bac8-11e8-b2b8-ac1f6b6435d0,0 2
cdd60d42-bad5-11e8-b2b9-ac1f6b6435d0,4
cdd83750-bac8-11e8-b2b8-ac1f6b6435d0,0 7
cdd96512-bad7-11e8-b2b9-ac1f6b6435d0,0 2 14
cdda98c0-bad6-11e8-b2b9-ac1f6b6435d0,0 25
cddaf9b2-bad3-11e8-b2b8-ac1f6b6435d0,25
cddd9b0c-bad0-11e8-b2b8-ac1f6b6435d0,0 21 25
cde7b584-baca-11e8-b2b8-ac1f6b6435d0,0 25
cdee062a-bac8-11e8-b2b8-ac1f6b6435d0,1 2
cdf1f384-bac8-11e8-b2b8-ac1f6b6435d0,0 23
ce08c1fe-bac8-11e8-b2b8-ac1f6b6435d0,5
ce159eb0-bacd-11e8-b2b8-ac1f6b6435d0,0 1
ce18ce78-bad2-11e8-b2b8-ac1f6b6435d0,14
ce18e304-bacd-11e8-b2b8-ac1f6b6435d0,0 5
ce21544c-baca-11e8-b2b8-ac1f6b6435d0,2 23 25
ce217bae-bacd-11e8-b2b8-ac1f6b6435d0,23
ce2ace86-bac6-11e8-b2b7-ac1f6b6435d0,2 25
ce39687c-bac8-11e8-b2b8-ac1f6b6435d0,23
ce3def66-bacb-11e8-b2b8-ac1f6b6435d0,
ce4cb69c-bad3-11e8-b2b8-ac1f6b6435d0,6 25
ce4d3894-bad6-11e8-b2b9-ac1f6b6435d0,0 25
ce52c4e2-bace-11e8-b2b8-ac1f6b6435d0,0 3
ce55886a-bad5-11e8-b2b9-ac1f6b6435d0,0 1
ce5fda64-bad9-11e8-b2b9-ac1f6b6435d0,0 21
ce683e50-bac7-11e8-b2b7-ac1f6b6435d0,0
ce6b2d52-bad3-11e8-b2b8-ac1f6b6435d0,0
ce735aac-bada-11e8-b2b9-ac1f6b6435d0,3
ce74d7ca-bac5-11e8-b2b7-ac1f6b6435d0,25 26
ce75dc7e-bacf-11e8-b2b8-ac1f6b6435d0,0 25
ce78a150-bac7-11e8-b2b7-ac1f6b6435d0,0 7 25
ce7c98d4-bacf-11e8-b2b8-ac1f6b6435d0,0 21 23
ce94b65c-bacb-11e8-b2b8-ac1f6b6435d0,0 25
ce976538-bad9-11e8-b2b9-ac1f6b6435d0,0 25
cea1ea0c-bac6-11e8-b2b7-ac1f6b6435d0,0 19 25
cea42bf0-bacb-11e8-b2b8-ac1f6b6435d0,0
cea7c014-bad3-11e8-b2b8-ac1f6b6435d0,0 1
ceaa34d6-bad1-11e8-b2b8-ac1f6b6435d0,0 2 3
ceaa5e74-bad2-11e8-b2b8-ac1f6b6435d0,7
ceac130a-bac7-11e8-b2b7-ac1f6b6435d0,21 25
cead4a74-bad9-11e8-b2b9-ac1f6b6435d0,0 25
ceae2e12-bad9-11e8-b2b9-ac1f6b6435d0,0 2 25
ceb02e20-bac9-11e8-b2b8-ac1f6b6435d0,0 25
cec34a84-bac7-11e8-b2b7-ac1f6b6435d0,0 25
cec5aefa-bacc-11e8-b2b8-ac1f6b6435d0,0 25
cec9b7da-bad5-11e8-b2b9-ac1f6b6435d0,0 2 25
ceca1bcc-bad9-11e8-b2b9-ac1f6b6435d0,5 21 25
ced0cf16-bac6-11e8-b2b7-ac1f6b6435d0,0 23
ced8e314-bac5-11e8-b2b7-ac1f6b6435d0,2 25
cedc6666-bac9-11e8-b2b8-ac1f6b6435d0,0 21 25
cedf98b6-bada-11e8-b2b9-ac1f6b6435d0,0
ceefdbbc-bacc-11e8-b2b8-ac1f6b6435d0,13
ceeffaa8-bad5-11e8-b2b9-ac1f6b6435d0,0 22
cef12d60-bad5-11e8-b2b9-ac1f6b6435d0,0
cef8771e-bad0-11e8-b2b8-ac1f6b6435d0,21 25
cefacf74-bad4-11e8-b2b8-ac1f6b6435d0,12 21
cefe536a-bacf-11e8-b2b8-ac1f6b6435d0,0 25
cf04a1ca-baca-11e8-b2b8-ac1f6b6435d0,0 25
cf10fcbc-bacb-11e8-b2b8-ac1f6b6435d0,0 7
cf12e388-bada-11e8-b2b9-ac1f6b6435d0,11
cf1680b2-bad8-11e8-b2b9-ac1f6b6435d0,0 25
cf18446c-bac7-11e8-b2b7-ac1f6b6435d0,0 21
cf1f7cba-bad0-11e8-b2b8-ac1f6b6435d0,0 21 25
cf22574c-baca-11e8-b2b8-ac1f6b6435d0,4 25
cf29751e-bad3-11e8-b2b8-ac1f6b6435d0,0 21 23 25
cf2f5cd4-bad0-11e8-b2b8-ac1f6b6435d0,23
cf3ce352-bad7-11e8-b2b9-ac1f6b6435d0,0
cf3e5f30-bacc-11e8-b2b8-ac1f6b6435d0,2 14 25
cf4270d6-bac5-11e8-b2b7-ac1f6b6435d0,0 21 25
cf47e946-bac8-11e8-b2b8-ac1f6b6435d0,7
cf4c6ee4-bac8-11e8-b2b8-ac1f6b6435d0,0 25
cf4d00c2-bac6-11e8-b2b7-ac1f6b6435d0,25
cf4fba88-bacb-11e8-b2b8-ac1f6b6435d0,0 25
cf5a9650-bad1-11e8-b2b8-ac1f6b6435d0,23 25
cf74ff3c-bacb-11e8-b2b8-ac1f6b6435d0,0 2
cf7785e2-bad3-11e8-b2b8-ac1f6b6435d0,0 7
cf8223ee-bac9-11e8-b2b8-ac1f6b6435d0,0 4 25
cf8250b6-bad4-11e8-b2b8-ac1f6b6435d0,0 21
cfa70a00-bac5-11e8-b2b7-ac1f6b6435d0,0 16 17 25
cfaa2bd6-baca-11e8-b2b8-ac1f6b6435d0,0 25
cfb1e1b6-bac8-11e8-b2b8-ac1f6b6435d0,
cfb49e3a-bac6-11e8-b2b7-ac1f6b6435d0,0 7 25
cfbc9804-bad2-11e8-b2b8-ac1f6b6435d0,11
cfbfb9e8-bac9-11e8-b2b8-ac1f6b6435d0,0 14
cfc42b24-bacc-11e8-b2b8-ac1f6b6435d0,23
cfc7b1ac-bace-11e8-b2b8-ac1f6b6435d0,18 25
cfcba284-bad9-11e8-b2b9-ac1f6b6435d0,0
cfce14a4-bad6-11e8-b2b9-ac1f6b6435d0,0 14
cfd1c5b8-bac7-11e8-b2b7-ac1f6b6435d0,2 23 25
cfd95666-bac7-11e8-b2b7-ac1f6b6435d0,0 4
cfda7e08-bac5-11e8-b2b7-ac1f6b6435d0,4
cfdb4d34-bad8-11e8-b2b9-ac1f6b6435d0,5
cfdba7ac-bad3-11e8-b2b8-ac1f6b6435d0,0 17 25
cfdd397e-bad7-11e8-b2b9-ac1f6b6435d0,12 21
cfdea8b6-bacf-11e8-b2b8-ac1f6b6435d0,0 2 7
cfe3a578-bad4-11e8-b2b8-ac1f6b6435d0,11
cfeca9de-bac5-11e8-b2b7-ac1f6b6435d0,0 25
cff1644a-bac7-11e8-b2b7-ac1f6b6435d0,0 2
cff1e012-bac9-11e8-b2b8-ac1f6b6435d0,0 3
d0076374-bad8-11e8-b2b9-ac1f6b6435d0,12 13 25
d00bb8a6-bad4-11e8-b2b8-ac1f6b6435d0,0
d00c5dc2-bad6-11e8-b2b9-ac1f6b6435d0,2 18 19 25
d0126104-bad1-11e8-b2b8-ac1f6b6435d0,0 21 22
d035b87e-bacd-11e8-b2b8-ac1f6b6435d0,0 5 23
d037854e-baca-11e8-b2b8-ac1f6b6435d0,2 12 25
d0489cb6-bad0-11e8-b2b8-ac1f6b6435d0,0 3 5
d04bc68c-bac8-11e8-b2b8-ac1f6b6435d0,0 5
d04c6d06-baca-11e8-b2b8-ac1f6b6435d0,0 19
d055f4a0-bacc-11e8-b2b8-ac1f6b6435d0,0 18
d05d0326-bad1-11e8-b2b8-ac1f6b6435d0,25
d0669dee-bad3-11e8-b2b8-ac1f6b6435d0,5 15
d06bec2c-bac9-11e8-b2b8-ac1f6b6435d0,0 21 25
d06bf348-bac9-11e8-b2b8-ac1f6b6435d0,0 25
d0812898-bad4-11e8-b2b8-ac1f6b6435d0,0 12 21
d0867448-bad8-11e8-b2b9-ac1f6b6435d0,0 25
d08f44ee-bacc-11e8-b2b8-ac1f6b6435d0,19
d0a3700c-bad3-11e8-b2b8-ac1f6b6435d0,21
d0a8e606-bad6-11e8-b2b9-ac1f6b6435d0,0 21 25
d0a99c74-bacf-11e8-b2b8-ac1f6b6435d0,0 2 25
d0afa716-bacc-11e8-b2b8-ac1f6b6435d0,0 23 25
d0b035d0-bac9-11e8-b2b8-ac1f6b6435d0,21 22
d0bb0bfe-bac9-11e8-b2b8-ac1f6b6435d0,0
d0c448ae-bace-11e8-b2b8-ac1f6b6435d0,0 7 25
d0c677b8-bacf-11e8-b2b8-ac1f6b6435d0,0 2
d0ce78aa-bac5-11e8-b2b7-ac1f6b6435d0,0 21 25
d0d00f9e-bad4-11e8-b2b8-ac1f6b6435d0,0 23
d0d5b84a-bac5-11e8-b2b7-ac1f6b6435d0,0 2 7
d0d72a6e-bad3-11e8-b2b8-ac1f6b6435d0,0 21 25
d0d887ac-bac8-11e8-b2b8-ac1f6b6435d0,0 7
d0dcf3a0-bacd-11e8-b2b8-ac1f6b6435d0,0 21 25
d0f29520-bac8-11e8-b2b8-ac1f6b6435d0,12 21 25
d0fb7e84-bad1-11e8-b2b8-ac1f6b6435d0,18 19
d1096974-baca-11e8-b2b8-ac1f6b6435d0,0 5 25 26
d10ae52e-bad9-11e8-b2b9-ac1f6b6435d0,2
d10ec7da-bac9-11e8-b2b8-ac1f6b6435d0,5
d10fff7e-bac9-11e8-b2b8-ac1f6b6435d0,0
d11259e6-bad2-11e8-b2b8-ac1f6b6435d0,0 5
d1191470-bad7-11e8-b2b9-ac1f6b6435d0,0 5 23
d119e0ee-bac8-11e8-b2b8-ac1f6b6435d0,0
d11d27d6-bacd-11e8-b2b8-ac1f6b6435d0,2 25
d1238e06-bad1-11e8-b2b8-ac1f6b6435d0,0 23
d125acdc-bacb-11e8-b2b8-ac1f6b6435d0,0 21 25
d12a229a-baca-11e8-b2b8-ac1f6b6435d0,0 14
d12ba6d4-bad8-11e8-b2b9-ac1f6b6435d0,0 1 25
d132ba56-bac8-11e8-b2b8-ac1f6b6435d0,0 25
d1345a0c-bacb-11e8-b2b8-ac1f6b6435d0,26
d13e86ea-bacf-11e8-b2b8-ac1f6b6435d0,0 2
d1444038-bac7-11e8-b2b7-ac1f6b6435d0,0 3 5
d144f918-bace-11e8-b2b8-ac1f6b6435d0,0 25
d14ba87a-bad9-11e8-b2b9-ac1f6b6435d0,0 25
d14c87de-bac7-11e8-b2b7-ac1f6b6435d0,19
d14e8dd0-bacd-11e8-b2b8-ac1f6b6435d0,0 25
d1502ac6-bad9-11e8-b2b9-ac1f6b6435d0,24
d1514952-bace-11e8-b2b8-ac1f6b6435d0,3
d156c192-bad9-11e8-b2b9-ac1f6b6435d0,0 5 25
d161d428-bad0-11e8-b2b8-ac1f6b6435d0,0 14
d164f196-bad8-11e8-b2b9-ac1f6b6435d0,0 25
d16acca6-bad8-11e8-b2b9-ac1f6b6435d0,0 21 25
d1701eb6-bad0-11e8-b2b8-ac1f6b6435d0,2 3 11 25
d1715ab6-bad9-11e8-b2b9-ac1f6b6435d0,0 22 25
d1791726-bad2-11e8-b2b8-ac1f6b6435d0,14
d186708a-bad0-11e8-b2b8-ac1f6b6435d0,18 25
d1885334-bad8-11e8-b2b9-ac1f6b6435d0,0 2 6 25
d1932cac-bad6-11e8-b2b9-ac1f6b6435d0,0 12
d19b71fe-bac8-11e8-b2b8-ac1f6b6435d0,25
d19cde60-bad5-11e8-b2b9-ac1f6b6435d0,0
d1a8485c-bad2-11e8-b2b8-ac1f6b6435d0,5 25
d1b12d2e-bac7-11e8-b2b7-ac1f6b6435d0,25
d1b1c97e-bacb-11e8-b2b8-ac1f6b6435d0,0 25
d1b2748e-bac9-11e8-b2b8-ac1f6b6435d0,0 25
d1b2d516-bad1-11e8-b2b8-ac1f6b6435d0,0 4 25
d1b54d24-bad0-11e8-b2b8-ac1f6b6435d0,17 18 25
d1d3ea52-bad7-11e8-b2b9-ac1f6b6435d0,0 4 21
d1e05028-bad5-11e8-b2b9-ac1f6b6435d0,0 16
d1e24928-bac6-11e8-b2b7-ac1f6b6435d0,0 25
d1e45382-bac9-11e8-b2b8-ac1f6b6435d0,0 21 25
d1edfe9c-bad2-11e8-b2b8-ac1f6b6435d0,5 25
d1eff15c-bad7-11e8-b2b9-ac1f6b6435d0,0 7
d1f188f4-bad3-11e8-b2b8-ac1f6b6435d0,25
d1f2e95e-bada-11e8-b2b9-ac1f6b6435d0,0 25
d1fccf78-bac6-11e8-b2b7-ac1f6b6435d0,0 21 22
d1fe5b82-bad9-11e8-b2b9-ac1f6b6435d0,0 5 25
d200a0ee-bad0-11e8-b2b8-ac1f6b6435d0,2 4
d20af308-bacd-11e8-b2b8-ac1f6b6435d0,2 25
d2169fa6-bacc-11e8-b2b8-ac1f6b6435d0,4
d217bf18-bacb-11e8-b2b8-ac1f6b6435d0,25
d227e09c-bacf-11e8-b2b8-ac1f6b6435d0,0 18 19
d229e522-bad4-11e8-b2b8-ac1f6b6435d0,0 5
d22a290a-bada-11e8-b2b9-ac1f6b6435d0,6 25
d23355a8-bad9-11e8-b2b9-ac1f6b6435d0,0 1
d2371f8e-bada-11e8-b2b9-ac1f6b6435d0,0 2
d2374a3c-baca-11e8-b2b8-ac1f6b6435d0,2 25
d238e3da-bad7-11e8-b2b9-ac1f6b6435d0,0 21
d23d1f92-bad5-11e8-b2b9-ac1f6b6435d0,0
d2404f9a-bad1-11e8-b2b8-ac1f6b6435d0,0 3
d243265e-bad4-11e8-b2b8-ac1f6b6435d0,2
d245217c-bac8-11e8-b2b8-ac1f6b6435d0,0 21
d2462ae2-bada-11e8-b2b9-ac1f6b6435d0,23
d24a344e-bac5-11e8-b2b7-ac1f6b6435d0,0 24
d257047e-bad6-11e8-b2b9-ac1f6b6435d0,11
d25b4954-bada-11e8-b2b9-ac1f6b6435d0,0 25
d26f7904-bad2-11e8-b2b8-ac1f6b6435d0,0 2 3
d275915a-bacc-11e8-b2b8-ac1f6b6435d0,3
d282558c-bace-11e8-b2b8-ac1f6b6435d0,0 22
d2877bb6-bace-11e8-b2b8-ac1f6b6435d0,0 24
d290e9b8-bad7-11e8-b2b9-ac1f6b6435d0,11 23
d2940fa8-bac8-11e8-b2b8-ac1f6b6435d0,21 25
d298fee0-bac9-11e8-b2b8-ac1f6b6435d0,0 21 25
d29aee48-bad9-11e8-b2b9-ac1f6b6435d0,0 2 25
d29bb2d8-bad9-11e8-b2b9-ac1f6b6435d0,3
d2a8a95e-bac8-11e8-b2b8-ac1f6b6435d0,0 16 21
d2abd42e-bac5-11e8-b2b7-ac1f6b6435d0,0 7
d2b71f72-bada-11e8-b2b9-ac1f6b6435d0,0 5 25
d2c1e888-bad2-11e8-b2b8-ac1f6b6435d0,7 25
d2c4759c-bad4-11e8-b2b8-ac1f6b6435d0,7 23 25
d2c6e8c6-bada-11e8-b2b9-ac1f6b6435d0,0 21
d2ccb802-bad8-11e8-b2b9-ac1f6b6435d0,25
d2d0f9e8-bac5-11e8-b2b7-ac1f6b6435d0,4 23
d2d24bba-bad7-11e8-b2b9-ac1f6b6435d0,5
d2dbc822-bad5-11e8-b2b9-ac1f6b6435d0,0
d2dda2ce-bad9-11e8-b2b9-ac1f6b6435d0,0 5 21 25
d2dfa2fc-bacc-11e8-b2b8-ac1f6b6435d0,0 25
d2e75c36-bad6-11e8-b2b9-ac1f6b6435d0,0 21
d2e8a11e-bac6-11e8-b2b7-ac1f6b6435d0,11
d2f010a8-bad9-11e8-b2b9-ac1f6b6435d0,0 1 25
d2f9a368-bad2-11e8-b2b8-ac1f6b6435d0,25
d300e3a4-bacc-11e8-b2b8-ac1f6b6435d0,0 25
d3068c9c-bacb-11e8-b2b8-ac1f6b6435d0,0 22
d310616c-bad6-11e8-b2b9-ac1f6b6435d0,21 22
d325528c-bace-11e8-b2b8-ac1f6b6435d0,13
d3287780-bad5-11e8-b2b9-ac1f6b6435d0,2 21 25
d32bbd1e-bad0-11e8-b2b8-ac1f6b6435d0,0 25
d32dd82e-bad0-11e8-b2b8-ac1f6b6435d0,0
d330568e-bac7-11e8-b2b7-ac1f6b6435d0,0 2
d3359408-bad3-11e8-b2b8-ac1f6b6435d0,0 12 21
d342255e-bada-11e8-b2b9-ac1f6b6435d0,0 16
d3445262-bad4-11e8-b2b8-ac1f6b6435d0,13
d3463722-bace-11e8-b2b8-ac1f6b6435d0,25
d34b3100-bace-11e8-b2b8-ac1f6b6435d0,23
d3551494-bad4-11e8-b2b8-ac1f6b6435d0,0 21 25
d3559896-bac6-11e8-b2b7-ac1f6b6435d0,0 12 25
d357cd5c-bad8-11e8-b2b9-ac1f6b6435d0,0 21 25
d35b258a-bad1-11e8-b2b8-ac1f6b6435d0,0 21 25
d35bc822-bacd-11e8-b2b8-ac1f6b6435d0,0 4
d35beff4-bac9-11e8-b2b8-ac1f6b6435d0,0 25
d3656fe0-bad1-11e8-b2b8-ac1f6b6435d0,0 5 21
d36fecbc-bacd-11e8-b2b8-ac1f6b6435d0,0 25
d3889f4c-bad6-11e8-b2b9-ac1f6b6435d0,0 25 26
d388eedc-bace-11e8-b2b8-ac1f6b6435d0,0 2
d38c87b0-bad1-11e8-b2b8-ac1f6b6435d0,0 25
d3962b98-bad7-11e8-b2b9-ac1f6b6435d0,0 25 26
d39644f8-bac7-11e8-b2b7-ac1f6b6435d0,0 2 23
d3965564-bacd-11e8-b2b8-ac1f6b6435d0,0 2 25
d3a4623c-bada-11e8-b2b9-ac1f6b6435d0,0 22
d3a9e8fc-bad4-11e8-b2b8-ac1f6b6435d0,0 3 25
d3ab506a-bad0-11e8-b2b8-ac1f6b6435d0,0 18 23
d3accbee-bad4-11e8-b2b8-ac1f6b6435d0,18
d3afc01a-baca-11e8-b2b8-ac1f6b6435d0,0 25
d3b33132-baca-11e8-b2b8-ac1f6b6435d0,0 25
d3c2c34c-bad7-11e8-b2b9-ac1f6b6435d0,7 25
d3d84d42-bad3-11e8-b2b8-ac1f6b6435d0,2 14 16 17
d3d8ac6e-bad9-11e8-b2b9-ac1f6b6435d0,12 21
d3dbedce-bacb-11e8-b2b8-ac1f6b6435d0,23 25
d3ddc6f6-bacd-11e8-b2b8-ac1f6b6435d0,12
d3f05fba-bac7-11e8-b2b7-ac1f6b6435d0,0 25
d3fe2072-bad2-11e8-b2b8-ac1f6b6435d0,0 14 16 25
d402f87e-bada-11e8-b2b9-ac1f6b6435d0,6 23 25
d4043f18-bad5-11e8-b2b9-ac1f6b6435d0,0 14 17 25
d405ca2e-bad8-11e8-b2b9-ac1f6b6435d0,0 2 25
d41620da-bac5-11e8-b2b7-ac1f6b6435d0,23
d416ba22-bacf-11e8-b2b8-ac1f6b6435d0,0 25
d41cb8ba-bad8-11e8-b2b9-ac1f6b6435d0,13
d423ee50-bad3-11e8-b2b8-ac1f6b6435d0,5
d42fbed8-bace-11e8-b2b8-ac1f6b6435d0,0 25
d42fccb2-bac8-11e8-b2b8-ac1f6b6435d0,23
d4370302-bad1-11e8-b2b8-ac1f6b6435d0,23 25
d442e788-bad3-11e8-b2b8-ac1f6b6435d0,0 5
d44b9142-bacb-11e8-b2b8-ac1f6b6435d0,0 21 25
d451b95a-bad5-11e8-b2b9-ac1f6b6435d0,0 5 7 25
d45326c4-bad4-11e8-b2b8-ac1f6b6435d0,0 2 7 25
d4550066-bacf-11e8-b2b8-ac1f6b6435d0,0 2 21 25
d4592cd4-bac7-11e8-b2b7-ac1f6b6435d0,7 25
d45cb74c-bada-11e8-b2b9-ac1f6b6435d0,0 2 12 21
d45f38bc-bad7-11e8-b2b9-ac1f6b6435d0,0 25
d4626e66-bad6-11e8-b2b9-ac1f6b6435d0,0 25
d468cd12-bacf-11e8-b2b8-ac1f6b6435d0,0 25
d46fa5c6-bacd-11e8-b2b8-ac1f6b6435d0,0 7
d46fc226-bad8-11e8-b2b9-ac1f6b6435d0,0 2
d4747a46-bace-11e8-b2b8-ac1f6b6435d0,0 21 25
d47598ac-bacb-11e8-b2b8-ac1f6b6435d0,0
d4793ede-bad1-11e8-b2b8-ac1f6b6435d0,21
d479eb12-bac8-11e8-b2b8-ac1f6b6435d0,25
d48181da-bac6-11e8-b2b7-ac1f6b6435d0,5
d487c68c-bad8-11e8-b2b9-ac1f6b6435d0,17 18 25
d489fa72-bad5-11e8-b2b9-ac1f6b6435d0,0 15
d48b2036-bacc-11e8-b2b8-ac1f6b6435d0,16
d48d9bee-bad2-11e8-b2b8-ac1f6b6435d0,25
d48e0798-bad0-11e8-b2b8-ac1f6b6435d0,0 2 21 25
d491f314-bace-11e8-b2b8-ac1f6b6435d0,0 5
d49620b4-bad4-11e8-b2b8-ac1f6b6435d0,21 25
d496a58c-bad1-11e8-b2b8-ac1f6b6435d0,21 25
d4981a72-bac5-11e8-b2b7-ac1f6b6435d0,0 5 23
d4982664-bad6-11e8-b2b9-ac1f6b6435d0,0 14
d49baba6-bad4-11e8-b2b8-ac1f6b6435d0,0 25
d49c95bc-bace-11e8-b2b8-ac1f6b6435d0,23
d49e3526-bad2-11e8-b2b8-ac1f6b6435d0,11
d49e5390-bac7-11e8-b2b7-ac1f6b6435d0,5 23
d4a10e0a-bad6-11e8-b2b9-ac1f6b6435d0,0 12 21
d4a29982-bad6-11e8-b2b9-ac1f6b6435d0,0 1
d4a4f930-bac6-11e8-b2b7-ac1f6b6435d0,0 1 25
d4a592c0-bace-11e8-b2b8-ac1f6b6435d0,14
d4a5f202-bacd-11e8-b2b8-ac1f6b6435d0,0 23
d4a9cb26-bad1-11e8-b2b8-ac1f6b6435d0,0 25
d4ba8c32-bacb-11e8-b2b8-ac1f6b6435d0,0 2 5
d4bb89bc-bad9-11e8-b2b9-ac1f6b6435d0,0 21 25
d4c1d024-bad4-11e8-b2b8-ac1f6b6435d0,0 1 25
d4d41964-bad4-11e8-b2b8-ac1f6b6435d0,5
d4d4c40a-bace-11e8-b2b8-ac1f6b6435d0,0 2
d4d98d7c-bac5-11e8-b2b7-ac1f6b6435d0,14 16 17
d4d99828-bad7-11e8-b2b9-ac1f6b6435d0,0 21 25
d4db5e1a-bac8-11e8-b2b8-ac1f6b6435d0,25
d4dcd8c0-bac9-11e8-b2b8-ac1f6b6435d0,0 21 25
d4e131d6-bad3-11e8-b2b8-ac1f6b6435d0,0 17 21 25
d4e99e1e-bad0-11e8-b2b8-ac1f6b6435d0,0 7 23
d4ea9e42-bace-11e8-b2b8-ac1f6b6435d0,0
d4eccf9e-bacb-11e8-b2b8-ac1f6b6435d0,0 19
d4f7f56c-bad6-11e8-b2b9-ac1f6b6435d0,14
d4f9493a-bad1-11e8-b2b8-ac1f6b6435d0,0 25
d4fd1ce8-bace-11e8-b2b8-ac1f6b6435d0,0 2
d4fdfbe4-bacf-11e8-b2b8-ac1f6b6435d0,0 4
d4ff2f80-bacc-11e8-b2b8-ac1f6b6435d0,21 25
d5002dea-bac7-11e8-b2b7-ac1f6b6435d0,23 25
d5098608-bac5-11e8-b2b7-ac1f6b6435d0,0 25
d50a2b52-bac6-11e8-b2b7-ac1f6b6435d0,17 25
d50be7c0-bacc-11e8-b2b8-ac1f6b6435d0,21
d50cdcf4-bacf-11e8-b2b8-ac1f6b6435d0,0 25
d50e884c-bad4-11e8-b2b8-ac1f6b6435d0,0 2 7 21 25
d50ff6b2-bac7-11e8-b2b7-ac1f6b6435d0,19
d510ee1e-bacc-11e8-b2b8-ac1f6b6435d0,0
d515b42a-bad7-11e8-b2b9-ac1f6b6435d0,0 7 21 25
d5160130-baca-11e8-b2b8-ac1f6b6435d0,0 21 25
d51dd428-bacf-11e8-b2b8-ac1f6b6435d0,4
d51eeef8-baca-11e8-b2b8-ac1f6b6435d0,0 2
d52d0866-bada-11e8-b2b9-ac1f6b6435d0,22
d5505242-bad2-11e8-b2b8-ac1f6b6435d0,0 2 25
d5517750-bad0-11e8-b2b8-ac1f6b6435d0,0 16 25
d553ca70-bac9-11e8-b2b8-ac1f6b6435d0,11
d55605e2-bad8-11e8-b2b9-ac1f6b6435d0,0 5 25
d55e60b2-bacd-11e8-b2b8-ac1f6b6435d0,18 25
d561c16c-bad2-11e8-b2b8-ac1f6b6435d0,11
d566cea4-bad3-11e8-b2b8-ac1f6b6435d0,12 25
d56bdc3a-bad0-11e8-b2b8-ac1f6b6435d0,14 17 25
d5725ade-bac5-11e8-b2b7-ac1f6b6435d0,2 13
d57386f4-bac8-11e8-b2b8-ac1f6b6435d0,0 22
d57c310c-bad5-11e8-b2b9-ac1f6b6435d0,19
d57ef6f6-bad2-11e8-b2b8-ac1f6b6435d0,7
d590d846-bac6-11e8-b2b7-ac1f6b6435d0,0 21 23 25
d591c3ae-bacc-11e8-b2b8-ac1f6b6435d0,0 11 25
d598fb46-bad2-11e8-b2b8-ac1f6b6435d0,0 7 25
d59b9196-bad5-11e8-b2b9-ac1f6b6435d0,7
d59e84ea-bac7-11e8-b2b7-ac1f6b6435d0,1
d5a22934-bad0-11e8-b2b8-ac1f6b6435d0,0
d5a4267a-bad6-11e8-b2b9-ac1f6b6435d0,0 6 25
d5b7f212-bacd-11e8-b2b8-ac1f6b6435d0,2 19
d5b969e2-baca-11e8-b2b8-ac1f6b6435d0,0 21 23
d5bd40bc-bad4-11e8-b2b8-ac1f6b6435d0,0 7 21 23
d5bd93cc-bada-11e8-b2b9-ac1f6b6435d0,2 25
d5c4805a-bad6-11e8-b2b9-ac1f6b6435d0,0 17 25
d5c6c396-bac8-11e8-b2b8-ac1f6b6435d0,0 22
d5c91512-bacb-11e8-b2b8-ac1f6b6435d0,7 25
d5d0f652-baca-11e8-b2b8-ac1f6b6435d0,5
d5d28d4e-bac7-11e8-b2b7-ac1f6b6435d0,14
d5d4433c-bacc-11e8-b2b8-ac1f6b6435d0,0 2 19
d5dbf7de-bacd-11e8-b2b8-ac1f6b6435d0,0 25
d5e47a7a-bad3-11e8-b2b8-ac1f6b6435d0,0
d5f3a034-bad5-11e8-b2b9-ac1f6b6435d0,0 17 25
d6026430-bac5-11e8-b2b7-ac1f6b6435d0,21 22
d6092470-bad2-11e8-b2b8-ac1f6b6435d0,18 19
d609dd3c-bad9-11e8-b2b9-ac1f6b6435d0,0 5 25
d60d4c60-baca-11e8-b2b8-ac1f6b6435d0,0 19 25
d6116908-baca-11e8-b2b8-ac1f6b6435d0,0 25
d6157ec8-bac8-11e8-b2b8-ac1f6b6435d0,21 25
d617432e-bad3-11e8-b2b8-ac1f6b6435d0,0 25
d61abf8e-bad5-11e8-b2b9-ac1f6b6435d0,0 25
d61aceea-bace-11e8-b2b8-ac1f6b6435d0,0 21 25
d62e2f36-bad7-11e8-b2b9-ac1f6b6435d0,0 2
d6315e5e-bad2-11e8-b2b8-ac1f6b6435d0,0 18 19
d644419e-bac9-11e8-b2b8-ac1f6b6435d0,0 2 3
d6459a6e-bad1-11e8-b2b8-ac1f6b6435d0,0 2
d65522da-bacd-11e8-b2b8-ac1f6b6435d0,0 7 23 25
d6654cca-bac6-11e8-b2b7-ac1f6b6435d0,0 7
d66bd278-bacd-11e8-b2b8-ac1f6b6435d0,0 5 23
d672e59e-bace-11e8-b2b8-ac1f6b6435d0,0 25
d676fd36-bac5-11e8-b2b7-ac1f6b6435d0,14
d6783e4e-bad9-11e8-b2b9-ac1f6b6435d0,2
d678c124-bacb-11e8-b2b8-ac1f6b6435d0,13
d67a5a9a-bac9-11e8-b2b8-ac1f6b6435d0,0 25
d67b7b9a-bac5-11e8-b2b7-ac1f6b6435d0,0 5
d68065f4-bad1-11e8-b2b8-ac1f6b6435d0,0 2 25
d681ff72-bacc-11e8-b2b8-ac1f6b6435d0,25
d6844338-bad4-11e8-b2b8-ac1f6b6435d0,5 24 25
d6852e6a-bacf-11e8-b2b8-ac1f6b6435d0,22
d6864484-bad0-11e8-b2b8-ac1f6b6435d0,0
d6893f20-bacd-11e8-b2b8-ac1f6b6435d0,11
d68ab388-bac7-11e8-b2b7-ac1f6b6435d0,0 21 25
d6933b6a-bac8-11e8-b2b8-ac1f6b6435d0,0 25
d69a4d62-bada-11e8-b2b9-ac1f6b6435d0,0 25
d69acc70-bac5-11e8-b2b7-ac1f6b6435d0,0 16
d69ade6a-bad2-11e8-b2b8-ac1f6b6435d0,0 26
d69e2154-baca-11e8-b2b8-ac1f6b6435d0,25
d6a07ae2-bad1-11e8-b2b8-ac1f6b6435d0,5
d6a4e916-bad5-11e8-b2b9-ac1f6b6435d0,0 19
d6a6f80a-bac6-11e8-b2b7-ac1f6b6435d0,0 13
d6aef21e-bac9-11e8-b2b8-ac1f6b6435d0,0 25
d6b569e6-bac9-11e8-b2b8-ac1f6b6435d0,2 25
d6bc6c7e-bad7-11e8-b2b9-ac1f6b6435d0,11 24
d6bcea24-bad1-11e8-b2b8-ac1f6b6435d0,5 14
d6be4030-bac8-11e8-b2b8-ac1f6b6435d0,23
d6caa8e6-bad9-11e8-b2b9-ac1f6b6435d0,0 2 25
d6db1d5e-bacd-11e8-b2b8-ac1f6b6435d0,5
d6e8bfb8-bad7-11e8-b2b9-ac1f6b6435d0,0
d6e9c0f4-bac6-11e8-b2b7-ac1f6b6435d0,23
d6ea6c52-bacb-11e8-b2b8-ac1f6b6435d0,5
d6f2dac2-bada-11e8-b2b9-ac1f6b6435d0,0 2 3
d6fbea62-bacc-11e8-b2b8-ac1f6b6435d0,25
d6fee588-bad5-11e8-b2b9-ac1f6b6435d0,0 4 21 25
d701a486-baca-11e8-b2b8-ac1f6b6435d0,19
d70380fa-bacd-11e8-b2b8-ac1f6b6435d0,0 5
d705b24c-bac5-11e8-b2b7-ac1f6b6435d0,0 21
d707b7c0-bacc-11e8-b2b8-ac1f6b6435d0,0 25
d7094a06-bac5-11e8-b2b7-ac1f6b6435d0,0 4 25
d7096278-bad6-11e8-b2b9-ac1f6b6435d0,25
d717e944-bacf-11e8-b2b8-ac1f6b6435d0,0 1
d71e2ab4-bacc-11e8-b2b8-ac1f6b6435d0,0 2 21 25
d722c2e2-bad4-11e8-b2b8-ac1f6b6435d0,0 1
d724f802-bacd-11e8-b2b8-ac1f6b6435d0,0 21
d725c226-bad9-11e8-b2b9-ac1f6b6435d0,0 21 25
d72f68e2-bac7-11e8-b2b7-ac1f6b6435d0,12
d73232c6-bad5-11e8-b2b9-ac1f6b6435d0,11
d733868a-bada-11e8-b2b9-ac1f6b6435d0,0 7 25
d73535a6-bad1-11e8-b2b8-ac1f6b6435d0,0 3
d738dcea-bad8-11e8-b2b9-ac1f6b6435d0,1
d73ece32-bac6-11e8-b2b7-ac1f6b6435d0,0 5
d7426eee-bac5-11e8-b2b7-ac1f6b6435d0,19 23
d7433ecc-bacb-11e8-b2b8-ac1f6b6435d0,0 5
d7478dae-bacd-11e8-b2b8-ac1f6b6435d0,1
d7587920-bac8-11e8-b2b8-ac1f6b6435d0,25
d75913b6-bad8-11e8-b2b9-ac1f6b6435d0,0 25
d75b5e1c-bad5-11e8-b2b9-ac1f6b6435d0,0 5
d7623186-bacd-11e8-b2b8-ac1f6b6435d0,17 18 19 25
d7689d4e-bad4-11e8-b2b8-ac1f6b6435d0,0 25
d76afe90-bacf-11e8-b2b8-ac1f6b6435d0,7
d7718728-bad5-11e8-b2b9-ac1f6b6435d0,0 25
d77b0398-bad0-11e8-b2b8-ac1f6b6435d0,0
d77d9276-bad9-11e8-b2b9-ac1f6b6435d0,2 14 25
d7935892-bad7-11e8-b2b9-ac1f6b6435d0,0 12
d79885e2-bac8-11e8-b2b8-ac1f6b6435d0,25
d799ca88-bad2-11e8-b2b8-ac1f6b6435d0,5
d79a1e12-bad1-11e8-b2b8-ac1f6b6435d0,0 18
d79a3028-bad6-11e8-b2b9-ac1f6b6435d0,0 5 25
d7a093d6-bad7-11e8-b2b9-ac1f6b6435d0,0 25
d7ae337a-bad6-11e8-b2b9-ac1f6b6435d0,0 25
d7b1e05a-bacd-11e8-b2b8-ac1f6b6435d0,21
d7c66ea4-bac7-11e8-b2b7-ac1f6b6435d0,0 1
d7cdd782-bac9-11e8-b2b8-ac1f6b6435d0,4 14
d7ce881e-bacc-11e8-b2b8-ac1f6b6435d0,0 2 25
d7dab5e8-bad7-11e8-b2b9-ac1f6b6435d0,0 25
d7e08bac-bad3-11e8-b2b8-ac1f6b6435d0,0 5
d7e50d4a-bad2-11e8-b2b8-ac1f6b6435d0,0 25
d7e50eea-bad6-11e8-b2b9-ac1f6b6435d0,2 25
d7ed21d0-bad5-11e8-b2b9-ac1f6b6435d0,0 7 25
d7ef0798-bac6-11e8-b2b7-ac1f6b6435d0,0 23
d7f3d94c-bad7-11e8-b2b9-ac1f6b6435d0,14
d7fa6a56-bad6-11e8-b2b9-ac1f6b6435d0,11
d81380fa-bad5-11e8-b2b9-ac1f6b6435d0,11
d81af454-bad8-11e8-b2b9-ac1f6b6435d0,18
d81c53b6-bad9-11e8-b2b9-ac1f6b6435d0,7 25
d81e96ec-bad6-11e8-b2b9-ac1f6b6435d0,0 4 25
d82d9be8-bad0-11e8-b2b8-ac1f6b6435d0,23
d83568d8-baca-11e8-b2b8-ac1f6b6435d0,0 21
d8376efa-bac8-11e8-b2b8-ac1f6b6435d0,4 25
d838af7c-bad2-11e8-b2b8-ac1f6b6435d0,0 21 25
d83d6ba0-bad9-11e8-b2b9-ac1f6b6435d0,0 1 23
d841d0ec-bac9-11e8-b2b8-ac1f6b6435d0,3 25
d867b166-bacb-11e8-b2b8-ac1f6b6435d0,0 18
d86c7a30-bacf-11e8-b2b8-ac1f6b6435d0,0 21
d86cb152-bad5-11e8-b2b9-ac1f6b6435d0,0 21 25
d86f7d08-bad8-11e8-b2b9-ac1f6b6435d0,18
d8703da8-bad6-11e8-b2b9-ac1f6b6435d0,0 3
d874a8fc-bad6-11e8-b2b9-ac1f6b6435d0,0 21 25
d8781c3e-bacd-11e8-b2b8-ac1f6b6435d0,0 2
d8784634-bac6-11e8-b2b7-ac1f6b6435d0,2 25
d8799284-bad8-11e8-b2b9-ac1f6b6435d0,0 25
d87d5fc6-bacf-11e8-b2b8-ac1f6b6435d0,14
d88d214e-bad0-11e8-b2b8-ac1f6b6435d0,0
d89983e0-bacf-11e8-b2b8-ac1f6b6435d0,23
d89f1b9c-bada-11e8-b2b9-ac1f6b6435d0,0 5
d8a84b58-bac7-11e8-b2b7-ac1f6b6435d0,0 21 25
d8ae6726-bad7-11e8-b2b9-ac1f6b6435d0,0 21
d8b84a6c-bad1-11e8-b2b8-ac1f6b6435d0,0 23
d8c2d794-bacb-11e8-b2b8-ac1f6b6435d0,21
d8c62d74-bad8-11e8-b2b9-ac1f6b6435d0,21 25
d8c6fb54-bad9-11e8-b2b9-ac1f6b6435d0,0 4
d8c9e3ac-bad2-11e8-b2b8-ac1f6b6435d0,0 5 7
d8cf2b5c-bada-11e8-b2b9-ac1f6b6435d0,0 14
d8d6378a-bad5-11e8-b2b9-ac1f6b6435d0,0 20
d8da6634-bac6-11e8-b2b7-ac1f6b6435d0,0 25
d8db68aa-baca-11e8-b2b8-ac1f6b6435d0,0 25
d8df1e26-bacc-11e8-b2b8-ac1f6b6435d0,0 21 25
d8e307dc-bad8-11e8-b2b9-ac1f6b6435d0,14 25
d8e5f8c4-bad9-11e8-b2b9-ac1f6b6435d0,0 5 25
d8e64b1c-baca-11e8-b2b8-ac1f6b6435d0,7
d8e689de-bad3-11e8-b2b8-ac1f6b6435d0,0 7 21
d8e8a500-bad0-11e8-b2b8-ac1f6b6435d0,0 6 25
d8eb3efc-bac9-11e8-b2b8-ac1f6b6435d0,0 2
d8eb7246-bad3-11e8-b2b8-ac1f6b6435d0,2 21 25
d8f78ec6-bada-11e8-b2b9-ac1f6b6435d0,0 21
d8f8288e-bad7-11e8-b2b9-ac1f6b6435d0,13 25
d8faa544-baca-11e8-b2b8-ac1f6b6435d0,0
d8fe9c00-bac8-11e8-b2b8-ac1f6b6435d0,14 17
d9016760-bac7-11e8-b2b7-ac1f6b6435d0,0 16 17 25
d907a3ac-bacf-11e8-b2b8-ac1f6b6435d0,2 23 25
d90d4b32-bad8-11e8-b2b9-ac1f6b6435d0,1 25
d9154f50-bacc-11e8-b2b8-ac1f6b6435d0,1
d9156dec-bad5-11e8-b2b9-ac1f6b6435d0,0 4 25
d91cf26e-bacc-11e8-b2b8-ac1f6b6435d0,
d91fcf10-bacd-11e8-b2b8-ac1f6b6435d0,0 7 23
d925fe0a-bad5-11e8-b2b9-ac1f6b6435d0,23
d92a5bd0-bac6-11e8-b2b7-ac1f6b6435d0,23 25
d93693ca-bac9-11e8-b2b8-ac1f6b6435d0,25
d93ae174-bad2-11e8-b2b8-ac1f6b6435d0,0 25
d942e944-bacf-11e8-b2b8-ac1f6b6435d0,0 7 25
d958cb60-baca-11e8-b2b8-ac1f6b6435d0,0
d96abed8-bacf-11e8-b2b8-ac1f6b6435d0,0 25
d9724426-bacc-11e8-b2b8-ac1f6b6435d0,0 4 21 25
d98c9780-bad7-11e8-b2b9-ac1f6b6435d0,0 11
d98f5a48-bacc-11e8-b2b8-ac1f6b6435d0,0 17 25
d990253c-bac6-11e8-b2b7-ac1f6b6435d0,0
d9975cce-bac8-11e8-b2b8-ac1f6b6435d0,
d998276a-bad4-11e8-b2b8-ac1f6b6435d0,0 19
d99bfc4c-bace-11e8-b2b8-ac1f6b6435d0,0 5
d9a772f8-bac8-11e8-b2b8-ac1f6b6435d0,0 23 25
d9b02da4-bad6-11e8-b2b9-ac1f6b6435d0,0 22
d9bce376-bad8-11e8-b2b9-ac1f6b6435d0,4
d9be29b0-bacf-11e8-b2b8-ac1f6b6435d0,0 11 25
d9cfa356-bada-11e8-b2b9-ac1f6b6435d0,3
d9d8d688-bac6-11e8-b2b7-ac1f6b6435d0,25
d9dd9ae4-bad8-11e8-b2b9-ac1f6b6435d0,0 19
d9e4663a-bad3-11e8-b2b8-ac1f6b6435d0,4
d9e78588-bad1-11e8-b2b8-ac1f6b6435d0,23
d9e7d11c-bace-11e8-b2b8-ac1f6b6435d0,0 18 19
d9e86348-bac9-11e8-b2b8-ac1f6b6435d0,0 21
d9fbddfa-bad9-11e8-b2b9-ac1f6b6435d0,18 19 25
da0133ac-bad1-11e8-b2b8-ac1f6b6435d0,0 21 25
da0d0724-bac5-11e8-b2b7-ac1f6b6435d0,4
da0d1860-bac8-11e8-b2b8-ac1f6b6435d0,0 21
da1c7e48-bad4-11e8-b2b8-ac1f6b6435d0,0
da1d28de-baca-11e8-b2b8-ac1f6b6435d0,0 1 12 25
da2005ea-bad4-11e8-b2b8-ac1f6b6435d0,0 21
da276630-bad6-11e8-b2b9-ac1f6b6435d0,0 25
da2c44a4-baca-11e8-b2b8-ac1f6b6435d0,0 17 21 25
da3005ec-bac7-11e8-b2b7-ac1f6b6435d0,22
da317b90-bad4-11e8-b2b8-ac1f6b6435d0,0 2
da4214ae-bacb-11e8-b2b8-ac1f6b6435d0,0 25
da42ae2a-bad8-11e8-b2b9-ac1f6b6435d0,0 12
da432eda-bacf-11e8-b2b8-ac1f6b6435d0,0 18 25
da4e63cc-baca-11e8-b2b8-ac1f6b6435d0,21
da5b0ce8-bada-11e8-b2b9-ac1f6b6435d0,
da5b852e-bacb-11e8-b2b8-ac1f6b6435d0,3
da6811e4-bacc-11e8-b2b8-ac1f6b6435d0,14
da6d7218-bac9-11e8-b2b8-ac1f6b6435d0,17 25
da6f6522-bac5-11e8-b2b7-ac1f6b6435d0,14 21
da8345de-bad8-11e8-b2b9-ac1f6b6435d0,25 26
da84e614-bad3-11e8-b2b8-ac1f6b6435d0,0 25
da851aec-bada-11e8-b2b9-ac1f6b6435d0,0 25
da86ba08-bac8-11e8-b2b8-ac1f6b6435d0,0 1
da8b382e-bacf-11e8-b2b8-ac1f6b6435d0,2 25
da8f5c6e-bac6-11e8-b2b7-ac1f6b6435d0,0 2 7 23 25
da91b0b0-bad3-11e8-b2b8-ac1f6b6435d0,22
da91d62a-bad4-11e8-b2b8-ac1f6b6435d0,2
da924eb8-bad7-11e8-b2b9-ac1f6b6435d0,7 25
da9e268a-bac7-11e8-b2b7-ac1f6b6435d0,14 16 17
da9ed950-bacb-11e8-b2b8-ac1f6b6435d0,0 1
daa79a14-bad9-11e8-b2b9-ac1f6b6435d0,0 2 25
daab23ea-bad5-11e8-b2b9-ac1f6b6435d0,0 2
dab60476-bacc-11e8-b2b8-ac1f6b6435d0,0 21
dab7c2b6-bad6-11e8-b2b9-ac1f6b6435d0,0 25
dac3d4a4-bac5-11e8-b2b7-ac1f6b6435d0,0 4
dac3ecb0-bace-11e8-b2b8-ac1f6b6435d0,0 17 25
dad043dc-bad5-11e8-b2b9-ac1f6b6435d0,2 21 25
dadfd67e-bad2-11e8-b2b8-ac1f6b6435d0,0 2 21 25
dae4894e-bad7-11e8-b2b9-ac1f6b6435d0,0 17 18 25
daf7db4c-bad3-11e8-b2b8-ac1f6b6435d0,0 2
daf9c422-bad6-11e8-b2b9-ac1f6b6435d0,5
db061a86-bad3-11e8-b2b8-ac1f6b6435d0,1 25
db0b8ac2-bad1-11e8-b2b8-ac1f6b6435d0,0 23 25
db115c60-bac5-11e8-b2b7-ac1f6b6435d0,25
db208730-bacf-11e8-b2b8-ac1f6b6435d0,21
db27c822-bad6-11e8-b2b9-ac1f6b6435d0,23
db28595c-bad8-11e8-b2b9-ac1f6b6435d0,0 5 12
db29838e-bad5-11e8-b2b9-ac1f6b6435d0,0 3
db2b9ac0-bad0-11e8-b2b8-ac1f6b6435d0,25
db33d5fc-bad8-11e8-b2b9-ac1f6b6435d0,0 11
db355036-bacd-11e8-b2b8-ac1f6b6435d0,13
db39c3ae-bad8-11e8-b2b9-ac1f6b6435d0,0 5
db39e98c-baca-11e8-b2b8-ac1f6b6435d0,0 20
db3fcdd8-bacb-11e8-b2b8-ac1f6b6435d0,0
db4bddb0-bad7-11e8-b2b9-ac1f6b6435d0,0 5
db597f0e-bad9-11e8-b2b9-ac1f6b6435d0,21
db5a414c-bad3-11e8-b2b8-ac1f6b6435d0,0 21 25
db63359e-bad9-11e8-b2b9-ac1f6b6435d0,14 21 25
db6447c4-bad2-11e8-b2b8-ac1f6b6435d0,21 23
db77c3dc-bacb-11e8-b2b8-ac1f6b6435d0,17 25
db7a1c86-bac6-11e8-b2b7-ac1f6b6435d0,0 25
db7dae38-bad9-11e8-b2b9-ac1f6b6435d0,2 21
db942c48-bad0-11e8-b2b8-ac1f6b6435d0,21
dba1f6ec-bad6-11e8-b2b9-ac1f6b6435d0,0 2
dba7bf60-bada-11e8-b2b9-ac1f6b6435d0,7 21 25
dbb04b98-bad6-11e8-b2b9-ac1f6b6435d0,2 21
dbb37228-bad1-11e8-b2b8-ac1f6b6435d0,4
dbb51f5c-bada-11e8-b2b9-ac1f6b6435d0,4
dbba8f2a-bac9-11e8-b2b8-ac1f6b6435d0,0 2 7
dbbba3ec-bad8-11e8-b2b9-ac1f6b6435d0,0 1
dbc01334-bad1-11e8-b2b8-ac1f6b6435d0,0 5 25
dbc0ecc6-bace-11e8-b2b8-ac1f6b6435d0,23
dbc4a416-bac8-11e8-b2b8-ac1f6b6435d0,14
dbc583f8-bad8-11e8-b2b9-ac1f6b6435d0,0 2
dbc6c998-bac9-11e8-b2b8-ac1f6b6435d0,4
dbc70f70-bace-11e8-b2b8-ac1f6b6435d0,1 23
dbcb95ba-bad1-11e8-b2b8-ac1f6b6435d0,1 25
dbd04e50-bace-11e8-b2b8-ac1f6b6435d0,0 1
dbd21f12-bad5-11e8-b2b9-ac1f6b6435d0,0 26
dbd2e06e-bad0-11e8-b2b8-ac1f6b6435d0,14
dbd9b2ba-bad8-11e8-b2b9-ac1f6b6435d0,0 26
dbdc7098-bada-11e8-b2b9-ac1f6b6435d0,0 21 22
dbdcd95c-bac6-11e8-b2b7-ac1f6b6435d0,0 5 22
dbe37cd6-bacf-11e8-b2b8-ac1f6b6435d0,0 3 25
dbe665c8-bac9-11e8-b2b8-ac1f6b6435d0,23 25
dbea4b06-bad9-11e8-b2b9-ac1f6b6435d0,23
dbebc732-bac6-11e8-b2b7-ac1f6b6435d0,0 1 25
dbf46464-bad0-11e8-b2b8-ac1f6b6435d0,0 25
dbf4c658-baca-11e8-b2b8-ac1f6b6435d0,4 21
dc032fe6-bad3-11e8-b2b8-ac1f6b6435d0,0
dc03ce52-bac8-11e8-b2b8-ac1f6b6435d0,0 21 25
dc065e3a-bacb-11e8-b2b8-ac1f6b6435d0,
dc067554-bacc-11e8-b2b8-ac1f6b6435d0,3
dc0d3ab2-bad9-11e8-b2b9-ac1f6b6435d0,0 23
dc14c60e-bacc-11e8-b2b8-ac1f6b6435d0,0 25
dc1bb12a-bac8-11e8-b2b8-ac1f6b6435d0,0 18 19
dc1ecbfa-bac6-11e8-b2b7-ac1f6b6435d0,25
dc20bd3a-baca-11e8-b2b8-ac1f6b6435d0,6 25
dc40e7ce-bad7-11e8-b2b9-ac1f6b6435d0,0 11
dc41628a-bacd-11e8-b2b8-ac1f6b6435d0,5 25
dc4397ce-bacf-11e8-b2b8-ac1f6b6435d0,19
dc47688e-bacc-11e8-b2b8-ac1f6b6435d0,23
dc4b5aca-bad6-11e8-b2b9-ac1f6b6435d0,0 25
dc4d9fa0-bad7-11e8-b2b9-ac1f6b6435d0,23
dc4fe45c-bacf-11e8-b2b8-ac1f6b6435d0,6 25
dc590e9e-bacd-11e8-b2b8-ac1f6b6435d0,0 19
dc5a2e9c-bad6-11e8-b2b9-ac1f6b6435d0,0 21 25
dc5fd918-bad7-11e8-b2b9-ac1f6b6435d0,0 26
dc61583e-bacc-11e8-b2b8-ac1f6b6435d0,0 2 25
dc63ec36-baca-11e8-b2b8-ac1f6b6435d0,21 25
dc6458f4-bac7-11e8-b2b7-ac1f6b6435d0,0 21 25
dc6664a4-bad7-11e8-b2b9-ac1f6b6435d0,14
dc68872a-bacd-11e8-b2b8-ac1f6b6435d0,0 25
dc6d6aec-bad7-11e8-b2b9-ac1f6b6435d0,0 23
dc6f79d0-bace-11e8-b2b8-ac1f6b6435d0,0
dc6f86fc-bacc-11e8-b2b8-ac1f6b6435d0,23 25
dc77efe6-bac6-11e8-b2b7-ac1f6b6435d0,7 11
dc789284-bad0-11e8-b2b8-ac1f6b6435d0,23
dc7ee4e8-bad7-11e8-b2b9-ac1f6b6435d0,25
dc859ca8-bacc-11e8-b2b8-ac1f6b6435d0,0 3
dc8efef4-bace-11e8-b2b8-ac1f6b6435d0,25
dc94b05c-bad2-11e8-b2b8-ac1f6b6435d0,0 7 23 25
dca7bdf2-bad5-11e8-b2b9-ac1f6b6435d0,11
dcafe234-bacb-11e8-b2b8-ac1f6b6435d0,0 5 21
dcafe97a-bad8-11e8-b2b9-ac1f6b6435d0,0 21 25
dcb29e7e-bad1-11e8-b2b8-ac1f6b6435d0,23
dcb8e71c-bac6-11e8-b2b7-ac1f6b6435d0,0 25
dcba85e6-bad4-11e8-b2b8-ac1f6b6435d0,19
dcc001aa-bad0-11e8-b2b8-ac1f6b6435d0,0 7
dcc1387c-bada-11e8-b2b9-ac1f6b6435d0,0 21 25
dcc8e712-bac5-11e8-b2b7-ac1f6b6435d0,0 25
dccced2e-bac7-11e8-b2b7-ac1f6b6435d0,25
dcce32ce-bad1-11e8-b2b8-ac1f6b6435d0,0 21 25
dcd051b4-bad4-11e8-b2b8-ac1f6b6435d0,0 3 25
dcd1703c-bac8-11e8-b2b8-ac1f6b6435d0,0 25
dcd3326e-bad2-11e8-b2b8-ac1f6b6435d0,14
dcd604f2-bace-11e8-b2b8-ac1f6b6435d0,7 21 25
dce1c8d2-bac9-11e8-b2b8-ac1f6b6435d0,7 25
dce4b780-bad4-11e8-b2b8-ac1f6b6435d0,0 2 23 25
dcedde0c-bad2-11e8-b2b8-ac1f6b6435d0,0 23 25
dcf0f048-bad1-11e8-b2b8-ac1f6b6435d0,23
dcf47936-bad9-11e8-b2b9-ac1f6b6435d0,21
dcfa998e-bad8-11e8-b2b9-ac1f6b6435d0,26
dd0118b0-bad1-11e8-b2b8-ac1f6b6435d0,6 23
dd0eb7ac-bad8-11e8-b2b9-ac1f6b6435d0,0 7
dd0fa51a-bac7-11e8-b2b7-ac1f6b6435d0,0 21 22
dd15543e-bacb-11e8-b2b8-ac1f6b6435d0,
dd172eb2-bad0-11e8-b2b8-ac1f6b6435d0,7
dd1af858-bada-11e8-b2b9-ac1f6b6435d0,0
dd1d9b40-bacf-11e8-b2b8-ac1f6b6435d0,0 19
dd2b094e-bac8-11e8-b2b8-ac1f6b6435d0,0 25
dd327538-bacf-11e8-b2b8-ac1f6b6435d0,0 5
dd33e246-bad5-11e8-b2b9-ac1f6b6435d0,23 25
dd3904a6-bada-11e8-b2b9-ac1f6b6435d0,4
dd3ae816-bad5-11e8-b2b9-ac1f6b6435d0,0 26
dd427afa-bad4-11e8-b2b8-ac1f6b6435d0,0 7 25
dd469a58-bac6-11e8-b2b7-ac1f6b6435d0,12 25
dd4b3f7a-bacd-11e8-b2b8-ac1f6b6435d0,7 21
dd4d8484-bacc-11e8-b2b8-ac1f6b6435d0,0 25
dd4f0e12-bac7-11e8-b2b7-ac1f6b6435d0,2 25
dd50e162-bad4-11e8-b2b8-ac1f6b6435d0,0 5
dd602e58-bad7-11e8-b2b9-ac1f6b6435d0,21
dd83bb36-bad0-11e8-b2b8-ac1f6b6435d0,0 23
dd9188e6-bad6-11e8-b2b9-ac1f6b6435d0,19
dd9474ec-bacd-11e8-b2b8-ac1f6b6435d0,0 21
dda8a836-bad7-11e8-b2b9-ac1f6b6435d0,0 20 23
ddb98cfe-bac9-11e8-b2b8-ac1f6b6435d0,0 3
ddbfd456-bad8-11e8-b2b9-ac1f6b6435d0,0 5
ddc47674-bad2-11e8-b2b8-ac1f6b6435d0,21 25
ddc809ea-baca-11e8-b2b8-ac1f6b6435d0,25
dddd1e76-bad3-11e8-b2b8-ac1f6b6435d0,0 22
dde33808-bad6-11e8-b2b9-ac1f6b6435d0,0 2
dde35bc4-bad8-11e8-b2b9-ac1f6b6435d0,0 11 25
dde67570-bac9-11e8-b2b8-ac1f6b6435d0,23
ddeb996e-bac5-11e8-b2b7-ac1f6b6435d0,0 19
ddf48f2e-bac5-11e8-b2b7-ac1f6b6435d0,0 5 24
ddf62080-bac7-11e8-b2b7-ac1f6b6435d0,0
ddf83fac-baca-11e8-b2b8-ac1f6b6435d0,0 2 3
ddf9f944-bad6-11e8-b2b9-ac1f6b6435d0,21 22
de0ed5c2-bad0-11e8-b2b8-ac1f6b6435d0,0 5 15
de26108c-bad7-11e8-b2b9-ac1f6b6435d0,25
de28e174-bacb-11e8-b2b8-ac1f6b6435d0,0 2 25
de2f8dce-bad2-11e8-b2b8-ac1f6b6435d0,0 25
de325636-bacc-11e8-b2b8-ac1f6b6435d0,20
de388d54-bada-11e8-b2b9-ac1f6b6435d0,0 1
de423052-bada-11e8-b2b9-ac1f6b6435d0,0
de52bdfa-bacb-11e8-b2b8-ac1f6b6435d0,0 25
de556912-bad3-11e8-b2b8-ac1f6b6435d0,0 2 25
de5687f8-bac8-11e8-b2b8-ac1f6b6435d0,0 25
de5de6a8-bac6-11e8-b2b7-ac1f6b6435d0,7 25
de5f9d38-bace-11e8-b2b8-ac1f6b6435d0,2 21 25
de671238-bac5-11e8-b2b7-ac1f6b6435d0,14
de715c48-bacf-11e8-b2b8-ac1f6b6435d0,0
de753c46-bac5-11e8-b2b7-ac1f6b6435d0,0 23
de77934c-bad9-11e8-b2b9-ac1f6b6435d0,12 25
de7e02a4-bacf-11e8-b2b8-ac1f6b6435d0,0 25
de80342c-bacd-11e8-b2b8-ac1f6b6435d0,0 2 21
de824f02-bad5-11e8-b2b9-ac1f6b6435d0,5 23
de844b9a-bac6-11e8-b2b7-ac1f6b6435d0,12 21
de8a3de0-bac9-11e8-b2b8-ac1f6b6435d0,23
de95e90c-bad7-11e8-b2b9-ac1f6b6435d0,11
de98d62e-bad4-11e8-b2b8-ac1f6b6435d0,0 2 14
de9dd53c-bac7-11e8-b2b7-ac1f6b6435d0,0 2 21 25
dea1b39c-bacb-11e8-b2b8-ac1f6b6435d0,0 25
deadbca2-bad3-11e8-b2b8-ac1f6b6435d0,20
deb53a08-bad4-11e8-b2b8-ac1f6b6435d0,0
deb5729c-bad0-11e8-b2b8-ac1f6b6435d0,0
deb9f57a-baca-11e8-b2b8-ac1f6b6435d0,6
dece4b46-bad0-11e8-b2b8-ac1f6b6435d0,0 25
decf55c6-bad6-11e8-b2b9-ac1f6b6435d0,0 2 4
ded410ae-bac5-11e8-b2b7-ac1f6b6435d0,4 25
ded85714-bac9-11e8-b2b8-ac1f6b6435d0,0 25
deda9a70-bac8-11e8-b2b8-ac1f6b6435d0,8 9 10
deddd616-bad4-11e8-b2b8-ac1f6b6435d0,0 1 12
def2cee4-bad0-11e8-b2b8-ac1f6b6435d0,0 3 5 25
def87634-bace-11e8-b2b8-ac1f6b6435d0,0 18 25
defda53c-bace-11e8-b2b8-ac1f6b6435d0,7
deffa32c-bac5-11e8-b2b7-ac1f6b6435d0,0 21
df11fb42-bad1-11e8-b2b8-ac1f6b6435d0,0 2
df14c62e-bac7-11e8-b2b7-ac1f6b6435d0,23
df14ef94-bad8-11e8-b2b9-ac1f6b6435d0,0 2 7 23
df1ba10c-bacb-11e8-b2b8-ac1f6b6435d0,1
df1bdf48-bad3-11e8-b2b8-ac1f6b6435d0,6 7 25
df1c02d2-bad0-11e8-b2b8-ac1f6b6435d0,0 21
df284036-bac8-11e8-b2b8-ac1f6b6435d0,5 21 25
df2aa906-bac9-11e8-b2b8-ac1f6b6435d0,0 25
df2cf1ca-bace-11e8-b2b8-ac1f6b6435d0,0 7 25
df30daa6-bace-11e8-b2b8-ac1f6b6435d0,0 1 5
df317960-bad9-11e8-b2b9-ac1f6b6435d0,0 2 25 26
df357858-bad4-11e8-b2b8-ac1f6b6435d0,19 21
df3a2f32-bac6-11e8-b2b7-ac1f6b6435d0,0
df439f78-bad9-11e8-b2b9-ac1f6b6435d0,2 11 25
df4749a4-bacd-11e8-b2b8-ac1f6b6435d0,0 20
df47f962-bacd-11e8-b2b8-ac1f6b6435d0,13
df4d507e-bacd-11e8-b2b8-ac1f6b6435d0,
df510ede-bac9-11e8-b2b8-ac1f6b6435d0,0 2 25
df533cce-bac7-11e8-b2b7-ac1f6b6435d0,0 4 16 17
df53dc3a-bad4-11e8-b2b8-ac1f6b6435d0,4
df54f62e-bad9-11e8-b2b9-ac1f6b6435d0,5
df589e96-bac5-11e8-b2b7-ac1f6b6435d0,24
df5db8ce-bad7-11e8-b2b9-ac1f6b6435d0,0 4
df622960-bacb-11e8-b2b8-ac1f6b6435d0,3 25
df62a650-bacc-11e8-b2b8-ac1f6b6435d0,0 2 25
df648bec-bada-11e8-b2b9-ac1f6b6435d0,7 14
df69c69e-bad9-11e8-b2b9-ac1f6b6435d0,0 5
df6c1104-bad1-11e8-b2b8-ac1f6b6435d0,25
df8b154a-bad6-11e8-b2b9-ac1f6b6435d0,0 4 25
df8d2780-bac8-11e8-b2b8-ac1f6b6435d0,25
df920b8e-bad1-11e8-b2b8-ac1f6b6435d0,0
df9927b6-bad6-11e8-b2b9-ac1f6b6435d0,0 25
df9f932a-bac8-11e8-b2b8-ac1f6b6435d0,0 23 25
dfb48e6e-bad3-11e8-b2b8-ac1f6b6435d0,0 21 22 24
dfba604c-bac8-11e8-b2b8-ac1f6b6435d0,0 25
dfbee1b0-bad4-11e8-b2b8-ac1f6b6435d0,0 5
dfc0f912-bac7-11e8-b2b7-ac1f6b6435d0,0 25
dfc5b046-bad2-11e8-b2b8-ac1f6b6435d0,23
dfc78f28-bad8-11e8-b2b9-ac1f6b6435d0,0 23
dfcf16b2-bad8-11e8-b2b9-ac1f6b6435d0,11
dfcf694c-bad2-11e8-b2b8-ac1f6b6435d0,0 14
dfd48cd0-bada-11e8-b2b9-ac1f6b6435d0,0 2 25
dfd49804-bad7-11e8-b2b9-ac1f6b6435d0,0 13
dfd6969a-bacd-11e8-b2b8-ac1f6b6435d0,0 4
dfe6e186-bad1-11e8-b2b8-ac1f6b6435d0,0 14
dfec5d8e-bacf-11e8-b2b8-ac1f6b6435d0,0
dfed3c2e-bad2-11e8-b2b8-ac1f6b6435d0,0
dff461d4-bad2-11e8-b2b8-ac1f6b6435d0,12
dff4c574-bad3-11e8-b2b8-ac1f6b6435d0,0 23
dff77f18-bad7-11e8-b2b9-ac1f6b6435d0,0
dff89d46-bac6-11e8-b2b7-ac1f6b6435d0,26
e00d1e8c-bac7-11e8-b2b7-ac1f6b6435d0,0 1 4
e00f1318-bac7-11e8-b2b7-ac1f6b6435d0,0 2 14 25
e012f6ba-bad4-11e8-b2b8-ac1f6b6435d0,23 25
e02dfbb6-bacc-11e8-b2b8-ac1f6b6435d0,0 23
e02f73ca-bada-11e8-b2b9-ac1f6b6435d0,0 12
e03fd9d4-bad2-11e8-b2b8-ac1f6b6435d0,0 12 21
e04789cc-bad2-11e8-b2b8-ac1f6b6435d0,0 2 25
e0479db8-bad2-11e8-b2b8-ac1f6b6435d0,0 2
e049219e-bac6-11e8-b2b7-ac1f6b6435d0,4
e04b93f0-bad2-11e8-b2b8-ac1f6b6435d0,0 12 21
e052d7ec-bad1-11e8-b2b8-ac1f6b6435d0,0 25
e056659e-bad4-11e8-b2b8-ac1f6b6435d0,12 21 25
e05e0b7c-bada-11e8-b2b9-ac1f6b6435d0,0 2 7 21 25
e05f70ee-bad9-11e8-b2b9-ac1f6b6435d0,0 25
e0657ba4-bacc-11e8-b2b8-ac1f6b6435d0,0 25
e0660cce-bad4-11e8-b2b8-ac1f6b6435d0,21
e06af96e-bacf-11e8-b2b8-ac1f6b6435d0,0
e06ccfa2-bad7-11e8-b2b9-ac1f6b6435d0,0 3 25
e06dc526-bac6-11e8-b2b7-ac1f6b6435d0,0 25
e072c85c-bad3-11e8-b2b8-ac1f6b6435d0,5 8 25
e078a34c-bada-11e8-b2b9-ac1f6b6435d0,0 25
e07e4b32-bace-11e8-b2b8-ac1f6b6435d0,0 12
e07fb4aa-bad2-11e8-b2b8-ac1f6b6435d0,0 21 25
e0880d42-bad4-11e8-b2b8-ac1f6b6435d0,23
e08c2780-bad2-11e8-b2b8-ac1f6b6435d0,0 3
e08ed506-bad3-11e8-b2b8-ac1f6b6435d0,21
e090cba6-bac7-11e8-b2b7-ac1f6b6435d0,0 25 26
e09263d2-bac5-11e8-b2b7-ac1f6b6435d0,0
e0984e6c-bacc-11e8-b2b8-ac1f6b6435d0,0 25
e09f8314-bac5-11e8-b2b7-ac1f6b6435d0,0 23 25
e0a7a188-bad0-11e8-b2b8-ac1f6b6435d0,0 12 21
e0aa3094-bad3-11e8-b2b8-ac1f6b6435d0,23
e0b40cf4-bace-11e8-b2b8-ac1f6b6435d0,7 25
e0b4c3a0-bac5-11e8-b2b7-ac1f6b6435d0,0 5
e0bbe8fc-bac9-11e8-b2b8-ac1f6b6435d0,0 19
e0c58216-bacb-11e8-b2b8-ac1f6b6435d0,23 25
e0c66df0-bad2-11e8-b2b8-ac1f6b6435d0,0 21 25
e0cc81d0-bad3-11e8-b2b8-ac1f6b6435d0,0 25
e0cdce94-bad0-11e8-b2b8-ac1f6b6435d0,0 18 19
e0d16994-bacd-11e8-b2b8-ac1f6b6435d0,11 25
e0e681a2-bac9-11e8-b2b8-ac1f6b6435d0,0 21 25
e0ed7420-bad4-11e8-b2b8-ac1f6b6435d0,0 21 25
e0f20292-bacf-11e8-b2b8-ac1f6b6435d0,0 2 14 17 25
e0f9483a-bacb-11e8-b2b8-ac1f6b6435d0,0 7
e0fbc976-baca-11e8-b2b8-ac1f6b6435d0,0 1
e0fd689a-bad8-11e8-b2b9-ac1f6b6435d0,7
e10066ba-bada-11e8-b2b9-ac1f6b6435d0,0 25
e104b20e-bacd-11e8-b2b8-ac1f6b6435d0,0 25
e10943ce-bad6-11e8-b2b9-ac1f6b6435d0,11
e10d9172-bacc-11e8-b2b8-ac1f6b6435d0,0 2 25
e1205b80-bacd-11e8-b2b8-ac1f6b6435d0,0 21
e1209e68-bacf-11e8-b2b8-ac1f6b6435d0,0 19
e120bb3e-bacd-11e8-b2b8-ac1f6b6435d0,14
e124b94e-bad9-11e8-b2b9-ac1f6b6435d0,0 25
e126fe70-bac5-11e8-b2b7-ac1f6b6435d0,4
e135a4cc-bac8-11e8-b2b8-ac1f6b6435d0,0 14
e13ab1e8-bad6-11e8-b2b9-ac1f6b6435d0,0 1
e144a146-bac5-11e8-b2b7-ac1f6b6435d0,7 21
e15192a6-bacb-11e8-b2b8-ac1f6b6435d0,0 2 4
e15343ea-bad4-11e8-b2b8-ac1f6b6435d0,0 2
e153a984-bad9-11e8-b2b9-ac1f6b6435d0,23
e156da9c-bac9-11e8-b2b8-ac1f6b6435d0,0 25
e158a14a-bada-11e8-b2b9-ac1f6b6435d0,2 25
e15cbc94-bad5-11e8-b2b9-ac1f6b6435d0,0
e1661d3a-bac5-11e8-b2b7-ac1f6b6435d0,11
e166634e-baca-11e8-b2b8-ac1f6b6435d0,11
e16add04-bac8-11e8-b2b8-ac1f6b6435d0,3
e16b9608-bad3-11e8-b2b8-ac1f6b6435d0,4 13
e17cc0ac-bad0-11e8-b2b8-ac1f6b6435d0,5 23
e1816f58-bacb-11e8-b2b8-ac1f6b6435d0,6 25
e181c6a2-bacf-11e8-b2b8-ac1f6b6435d0,0 1
e1915a4c-bad2-11e8-b2b8-ac1f6b6435d0,0 25
e1925c6a-baca-11e8-b2b8-ac1f6b6435d0,0 16
e193599a-bac9-11e8-b2b8-ac1f6b6435d0,25
e19ac5a8-baca-11e8-b2b8-ac1f6b6435d0,0 2 25
e19ce238-bad5-11e8-b2b9-ac1f6b6435d0,0 2 23
e19daeaa-bad7-11e8-b2b9-ac1f6b6435d0,7
e19fb0b2-bac6-11e8-b2b7-ac1f6b6435d0,0 25
e1a5eb18-bad4-11e8-b2b8-ac1f6b6435d0,14 16 17 25
e1b51ed0-bacf-11e8-b2b8-ac1f6b6435d0,3
e1d3db3e-bad1-11e8-b2b8-ac1f6b6435d0,0 7 25
e1d58c82-bac6-11e8-b2b7-ac1f6b6435d0,0 16
e1dd2154-bada-11e8-b2b9-ac1f6b6435d0,0 1
e1e4c90c-bad7-11e8-b2b9-ac1f6b6435d0,2 21 25
e1e69fa6-bad3-11e8-b2b8-ac1f6b6435d0,0 21 25
e1eeeb32-bada-11e8-b2b9-ac1f6b6435d0,0 25
e1ef0b36-bacf-11e8-b2b8-ac1f6b6435d0,0 25 26
e1f2fdc6-bac6-11e8-b2b7-ac1f6b6435d0,0 2 21 25
e1f459a0-bac6-11e8-b2b7-ac1f6b6435d0,20
e200a866-bad2-11e8-b2b8-ac1f6b6435d0,0 7 21 25
e208f0c4-bace-11e8-b2b8-ac1f6b6435d0,0 17 25
e2118004-bad8-11e8-b2b9-ac1f6b6435d0,0 2 5
e2173864-bac9-11e8-b2b8-ac1f6b6435d0,25 26
e2184e88-bad9-11e8-b2b9-ac1f6b6435d0,0 4
e21ddac6-bac8-11e8-b2b8-ac1f6b6435d0,0 25
e2222f5a-bad1-11e8-b2b8-ac1f6b6435d0,0 2 5
e22e8e08-bac7-11e8-b2b7-ac1f6b6435d0,7
e236f116-bacb-11e8-b2b8-ac1f6b6435d0,2 11
e23ed6c0-bac5-11e8-b2b7-ac1f6b6435d0,21 22
e23f34fe-bace-11e8-b2b8-ac1f6b6435d0,0 21
e248e4d6-bace-11e8-b2b8-ac1f6b6435d0,0 21 22
e249c51e-bad2-11e8-b2b8-ac1f6b6435d0,25
e24c8542-bac8-11e8-b2b8-ac1f6b6435d0,0 25
e24e4a34-bad8-11e8-b2b9-ac1f6b6435d0,0 2 4 25
e2540fe2-bac8-11e8-b2b8-ac1f6b6435d0,0
e255f972-bad9-11e8-b2b9-ac1f6b6435d0,0 25
e2571f6e-baca-11e8-b2b8-ac1f6b6435d0,11
e257cda4-bad1-11e8-b2b8-ac1f6b6435d0,2 21 25
e260ad88-bad7-11e8-b2b9-ac1f6b6435d0,0 25
e2660a8e-bad3-11e8-b2b8-ac1f6b6435d0,0 21 25
e26b3da6-bad3-11e8-b2b8-ac1f6b6435d0,4
e273b848-bad6-11e8-b2b9-ac1f6b6435d0,0 25
e282a8e8-bad2-11e8-b2b8-ac1f6b6435d0,2 21
e2946868-bac7-11e8-b2b7-ac1f6b6435d0,6
e2967236-baca-11e8-b2b8-ac1f6b6435d0,0 14
e29897e8-bacd-11e8-b2b8-ac1f6b6435d0,2 23
e299897e-bacc-11e8-b2b8-ac1f6b6435d0,0 25
e29dd5f6-bac7-11e8-b2b7-ac1f6b6435d0,0 5 14
e2a09330-bad7-11e8-b2b9-ac1f6b6435d0,2 14 16 25
e2a10ab4-bad6-11e8-b2b9-ac1f6b6435d0,0 16 25
e2a34c50-bac9-11e8-b2b8-ac1f6b6435d0,4
e2a4e5dc-bacf-11e8-b2b8-ac1f6b6435d0,0 2 25
e2ad1744-bac9-11e8-b2b8-ac1f6b6435d0,0 21
e2af7064-bad0-11e8-b2b8-ac1f6b6435d0,2 12
e2af8822-bacd-11e8-b2b8-ac1f6b6435d0,2 3
e2b2960c-bacd-11e8-b2b8-ac1f6b6435d0,0 11 25
e2b58d54-bad6-11e8-b2b9-ac1f6b6435d0,19 25
e2b86430-bad5-11e8-b2b9-ac1f6b6435d0,11 25
e2b934a0-bada-11e8-b2b9-ac1f6b6435d0,0 25
e2bbe60a-bad5-11e8-b2b9-ac1f6b6435d0,0 25
e2be5d7c-bac6-11e8-b2b7-ac1f6b6435d0,0 25
e2c52298-bac5-11e8-b2b7-ac1f6b6435d0,0 7 25
e2c8f934-bad1-11e8-b2b8-ac1f6b6435d0,0 14
e2d0e834-bada-11e8-b2b9-ac1f6b6435d0,8
e2d53360-bad7-11e8-b2b9-ac1f6b6435d0,0 14
e2d8c044-bad1-11e8-b2b8-ac1f6b6435d0,2
e2e3e7c6-bac7-11e8-b2b7-ac1f6b6435d0,4 25
e2e981d4-bad8-11e8-b2b9-ac1f6b6435d0,0 13 25
e2f18104-bace-11e8-b2b8-ac1f6b6435d0,0 25
e2facab4-bacb-11e8-b2b8-ac1f6b6435d0,0
e3079ab8-bac7-11e8-b2b7-ac1f6b6435d0,3
e309ff72-bace-11e8-b2b8-ac1f6b6435d0,9 10
e313f4a6-bacd-11e8-b2b8-ac1f6b6435d0,21
e31809a2-bacc-11e8-b2b8-ac1f6b6435d0,0 2
e31e9440-bacf-11e8-b2b8-ac1f6b6435d0,0 20 25
e3234330-bad6-11e8-b2b9-ac1f6b6435d0,0 7
e3279d4c-bad4-11e8-b2b8-ac1f6b6435d0,0 13
e327ceac-bad4-11e8-b2b8-ac1f6b6435d0,0 11 25
e329e844-bad5-11e8-b2b9-ac1f6b6435d0,0 25
e32bb372-bad5-11e8-b2b9-ac1f6b6435d0,4
e34210d8-bac9-11e8-b2b8-ac1f6b6435d0,0 2 7 17 18
e347c620-bacb-11e8-b2b8-ac1f6b6435d0,0 21 23 25
e3553ab4-bace-11e8-b2b8-ac1f6b6435d0,7
e363d708-bad4-11e8-b2b8-ac1f6b6435d0,0 21 25
e364b54e-bacd-11e8-b2b8-ac1f6b6435d0,0 21 25
e366d75e-bac6-11e8-b2b7-ac1f6b6435d0,23
e36b73b0-bad3-11e8-b2b8-ac1f6b6435d0,0 21 22
e36d5292-baca-11e8-b2b8-ac1f6b6435d0,4 25
e3738034-bacc-11e8-b2b8-ac1f6b6435d0,18
e37918a2-bad9-11e8-b2b9-ac1f6b6435d0,11 25
e37b3504-bad1-11e8-b2b8-ac1f6b6435d0,18 25
e37dfc34-bacd-11e8-b2b8-ac1f6b6435d0,0 5
e382212e-bad7-11e8-b2b9-ac1f6b6435d0,23
e38a4f42-bad8-11e8-b2b9-ac1f6b6435d0,0 3
e3900c96-bada-11e8-b2b9-ac1f6b6435d0,0 25
e3a52ae0-bada-11e8-b2b9-ac1f6b6435d0,7
e3bdcad2-bacb-11e8-b2b8-ac1f6b6435d0,0 1
e3c8d990-bacb-11e8-b2b8-ac1f6b6435d0,0 7 21
e3c9d4fc-bad1-11e8-b2b8-ac1f6b6435d0,0 25
e3cd1710-bac8-11e8-b2b8-ac1f6b6435d0,0 1 2
e3d4eada-bacd-11e8-b2b8-ac1f6b6435d0,0 21 25
e3d60072-bad8-11e8-b2b9-ac1f6b6435d0,0
e3d73fd8-bad7-11e8-b2b9-ac1f6b6435d0,0 12
e3da7636-bacc-11e8-b2b8-ac1f6b6435d0,25
e3dee544-bad7-11e8-b2b9-ac1f6b6435d0,0 7
e3e58ca6-bacc-11e8-b2b8-ac1f6b6435d0,0 21
e3e6b606-bac9-11e8-b2b8-ac1f6b6435d0,0 1 2
e3e92da4-bacf-11e8-b2b8-ac1f6b6435d0,0 13
e3ea035e-bad0-11e8-b2b8-ac1f6b6435d0,11 23
e3eb015e-bacc-11e8-b2b8-ac1f6b6435d0,21 25
e3eba88e-bad1-11e8-b2b8-ac1f6b6435d0,0 23
e3ecd0be-bad2-11e8-b2b8-ac1f6b6435d0,0 5 25
e3f25aaa-bad9-11e8-b2b9-ac1f6b6435d0,0
e3f50146-bad5-11e8-b2b9-ac1f6b6435d0,0 23
e3f64d26-bad5-11e8-b2b9-ac1f6b6435d0,0 25
e3fd12ce-bacf-11e8-b2b8-ac1f6b6435d0,21
e404e0ae-bad8-11e8-b2b9-ac1f6b6435d0,0 3
e40f4710-bad8-11e8-b2b9-ac1f6b6435d0,0 25
e410d3aa-bace-11e8-b2b8-ac1f6b6435d0,0 7
e4162c14-bac5-11e8-b2b7-ac1f6b6435d0,
e4165de2-bacf-11e8-b2b8-ac1f6b6435d0,0 1
e41bb608-bac9-11e8-b2b8-ac1f6b6435d0,0
e4277c2e-bad1-11e8-b2b8-ac1f6b6435d0,14
e42ad8ce-bad1-11e8-b2b8-ac1f6b6435d0,0 7
e43befdc-bacd-11e8-b2b8-ac1f6b6435d0,0 17 18 21 25
e4423ca0-bac5-11e8-b2b7-ac1f6b6435d0,7 23
e442e200-bad3-11e8-b2b8-ac1f6b6435d0,23
e4466932-bacb-11e8-b2b8-ac1f6b6435d0,13
e447dc88-bace-11e8-b2b8-ac1f6b6435d0,4
e44b2264-bac7-11e8-b2b7-ac1f6b6435d0,0 17 18 25
e4504240-bacb-11e8-b2b8-ac1f6b6435d0,0 2 5 23
e45139ee-bac5-11e8-b2b7-ac1f6b6435d0,0 7 25
e454d71e-bac7-11e8-b2b7-ac1f6b6435d0,0 21 25
e4586e96-bac8-11e8-b2b8-ac1f6b6435d0,0 16
e45bc644-bad8-11e8-b2b9-ac1f6b6435d0,4 23
e4616eb4-bac9-11e8-b2b8-ac1f6b6435d0,0
e46b71f4-bad6-11e8-b2b9-ac1f6b6435d0,0 4 25
e4710998-bad1-11e8-b2b8-ac1f6b6435d0,0 11 25
e472e390-bada-11e8-b2b9-ac1f6b6435d0,0 12
e4768370-bad4-11e8-b2b8-ac1f6b6435d0,0 18
e480cfb6-bad8-11e8-b2b9-ac1f6b6435d0,0 25
e4900716-bac8-11e8-b2b8-ac1f6b6435d0,0 12
e4967c70-bad9-11e8-b2b9-ac1f6b6435d0,0 11
e497a932-bad0-11e8-b2b8-ac1f6b6435d0,0 2 25
e498262c-bad6-11e8-b2b9-ac1f6b6435d0,25
e4a47850-bacc-11e8-b2b8-ac1f6b6435d0,4 7
e4a4b378-bacd-11e8-b2b8-ac1f6b6435d0,0 25
e4a756b2-bad9-11e8-b2b9-ac1f6b6435d0,
e4b46f1a-bad8-11e8-b2b9-ac1f6b6435d0,0 5
e4be829c-baca-11e8-b2b8-ac1f6b6435d0,0 21
e4c7fe0e-bad8-11e8-b2b9-ac1f6b6435d0,3 8
e4d6222e-bacc-11e8-b2b8-ac1f6b6435d0,23
e4e2d48e-bada-11e8-b2b9-ac1f6b6435d0,0 25
e4e5f3fc-bac7-11e8-b2b7-ac1f6b6435d0,0 25
e4e97dbc-bad9-11e8-b2b9-ac1f6b6435d0,2 7
e4eb0874-bad6-11e8-b2b9-ac1f6b6435d0,12 21 25
e4eb4af8-bad8-11e8-b2b9-ac1f6b6435d0,21 25
e4f172d2-bac6-11e8-b2b7-ac1f6b6435d0,0 25
e4f5564a-bad5-11e8-b2b9-ac1f6b6435d0,0 1 25
e4f687c2-bac6-11e8-b2b7-ac1f6b6435d0,2 6 25
e4fc2698-bace-11e8-b2b8-ac1f6b6435d0,23
e505c73a-bac8-11e8-b2b8-ac1f6b6435d0,3 26
e50a06e4-bacb-11e8-b2b8-ac1f6b6435d0,11
e515a68e-bad5-11e8-b2b9-ac1f6b6435d0,0 14
e51c1a86-bac7-11e8-b2b7-ac1f6b6435d0,2 3
e51cf93e-bada-11e8-b2b9-ac1f6b6435d0,0
e51e8226-bad1-11e8-b2b8-ac1f6b6435d0,0 21
e51eabf4-baca-11e8-b2b8-ac1f6b6435d0,7 25
e52549da-bacc-11e8-b2b8-ac1f6b6435d0,0 1 25
e5283258-bad6-11e8-b2b9-ac1f6b6435d0,0 25
e528fea6-bac5-11e8-b2b7-ac1f6b6435d0,0 13 22
e5360aa6-bac5-11e8-b2b7-ac1f6b6435d0,0 21
e5372d36-bac6-11e8-b2b7-ac1f6b6435d0,0 25
e5382de2-bad2-11e8-b2b8-ac1f6b6435d0,0 21 25
e53f7f52-bacd-11e8-b2b8-ac1f6b6435d0,25
e555b88c-bad0-11e8-b2b8-ac1f6b6435d0,0 5 24 25
e5599b5c-bac9-11e8-b2b8-ac1f6b6435d0,0 2 25
e55c8f0a-bacf-11e8-b2b8-ac1f6b6435d0,0 5 25
e55f77f0-bacb-11e8-b2b8-ac1f6b6435d0,19
e5608c1e-bad3-11e8-b2b8-ac1f6b6435d0,0
e5660ed6-baca-11e8-b2b8-ac1f6b6435d0,23 25
e57fef24-bac8-11e8-b2b8-ac1f6b6435d0,23 25
e58334ba-bac6-11e8-b2b7-ac1f6b6435d0,0 25
e5855408-bad9-11e8-b2b9-ac1f6b6435d0,0 7 25
e58e96c8-bac8-11e8-b2b8-ac1f6b6435d0,2
e59d1fac-bad9-11e8-b2b9-ac1f6b6435d0,0 5
e59f1eec-baca-11e8-b2b8-ac1f6b6435d0,0 2
e5a8cf30-bacc-11e8-b2b8-ac1f6b6435d0,0 13 25
e5aa31bc-bad7-11e8-b2b9-ac1f6b6435d0,0 11 14
e5aac082-bad7-11e8-b2b9-ac1f6b6435d0,2 25
e5bfd988-bad0-11e8-b2b8-ac1f6b6435d0,0 21 25
e5cacdac-bad5-11e8-b2b9-ac1f6b6435d0,0 3
e5d61162-bac6-11e8-b2b7-ac1f6b6435d0,0 4
e5decbce-bac9-11e8-b2b8-ac1f6b6435d0,17 21 25
e5e13070-baca-11e8-b2b8-ac1f6b6435d0,0 2
e5e33e6e-bacb-11e8-b2b8-ac1f6b6435d0,2 25
e5e77786-bac6-11e8-b2b7-ac1f6b6435d0,0 13 22
e5ed391a-bad9-11e8-b2b9-ac1f6b6435d0,4 25
e5f17ece-bacc-11e8-b2b8-ac1f6b6435d0,0
e6002704-bad5-11e8-b2b9-ac1f6b6435d0,7
e605389e-bac5-11e8-b2b7-ac1f6b6435d0,2 23
e608ab04-bad0-11e8-b2b8-ac1f6b6435d0,0 21 22
e613b378-bad5-11e8-b2b9-ac1f6b6435d0,0 2
e6210626-bacc-11e8-b2b8-ac1f6b6435d0,0 14
e624bec6-baca-11e8-b2b8-ac1f6b6435d0,1
e62c6912-bacc-11e8-b2b8-ac1f6b6435d0,6 25
e62cd632-bac6-11e8-b2b7-ac1f6b6435d0,0
e631d62e-bacf-11e8-b2b8-ac1f6b6435d0,0 20
e63508c6-bacf-11e8-b2b8-ac1f6b6435d0,0
e6381444-bad9-11e8-b2b9-ac1f6b6435d0,5 21
e640e878-bac8-11e8-b2b8-ac1f6b6435d0,0 25
e645da7c-bad2-11e8-b2b8-ac1f6b6435d0,0
e64dae44-bacf-11e8-b2b8-ac1f6b6435d0,0 7
e654d51e-bac7-11e8-b2b7-ac1f6b6435d0,0 20
e65a9e22-bacc-11e8-b2b8-ac1f6b6435d0,0
e65dad88-bad1-11e8-b2b8-ac1f6b6435d0,0 2 4 7 25
e65f21a8-bacd-11e8-b2b8-ac1f6b6435d0,0 25
e65f55fe-bad4-11e8-b2b8-ac1f6b6435d0,0 20
e6756a98-bad8-11e8-b2b9-ac1f6b6435d0,0 2 21
e6794c60-bac6-11e8-b2b7-ac1f6b6435d0,17 21 25
e67e7750-bace-11e8-b2b8-ac1f6b6435d0,0 6 25
e6830aca-bad0-11e8-b2b8-ac1f6b6435d0,13 25
e68efce8-bad7-11e8-b2b9-ac1f6b6435d0,0 7 21 22
e6936ca8-bad0-11e8-b2b8-ac1f6b6435d0,0 2
e694911e-bada-11e8-b2b9-ac1f6b6435d0,0 25
e69e492c-bace-11e8-b2b8-ac1f6b6435d0,7
e6a31522-bacb-11e8-b2b8-ac1f6b6435d0,0 2 23
e6a8c85c-bace-11e8-b2b8-ac1f6b6435d0,21 25
e6a9572c-bad3-11e8-b2b8-ac1f6b6435d0,0 11 25
e6bd07a2-bad0-11e8-b2b8-ac1f6b6435d0,11 25
e6cc84f2-bacb-11e8-b2b8-ac1f6b6435d0,7
e6cf1dac-bad5-11e8-b2b9-ac1f6b6435d0,6 25
e6d311cc-bad6-11e8-b2b9-ac1f6b6435d0,2 21 25
e6d951c8-bac6-11e8-b2b7-ac1f6b6435d0,18
e6e2ce5c-baca-11e8-b2b8-ac1f6b6435d0,0 25
e6e7eb36-bad3-11e8-b2b8-ac1f6b6435d0,0 23
e6e8f9c4-bacc-11e8-b2b8-ac1f6b6435d0,0 7 25
e700d264-bacd-11e8-b2b8-ac1f6b6435d0,0 26
e704881e-bad2-11e8-b2b8-ac1f6b6435d0,1 3
e707ca0c-bacc-11e8-b2b8-ac1f6b6435d0,11
e71417da-bad1-11e8-b2b8-ac1f6b6435d0,0 2
e7142890-bace-11e8-b2b8-ac1f6b6435d0,0 12 22
e71521a4-bac5-11e8-b2b7-ac1f6b6435d0,0 7 25
e7158630-bad4-11e8-b2b8-ac1f6b6435d0,0
e716aaa6-bad9-11e8-b2b9-ac1f6b6435d0,0 2
e71c99c0-bad9-11e8-b2b9-ac1f6b6435d0,2 21
e72a2326-bad7-11e8-b2b9-ac1f6b6435d0,0
e736e9d4-bac9-11e8-b2b8-ac1f6b6435d0,0 23
e7413d12-bad3-11e8-b2b8-ac1f6b6435d0,0 18 19
e74192d8-bad0-11e8-b2b8-ac1f6b6435d0,4 25
e744c884-bad2-11e8-b2b8-ac1f6b6435d0,21
e7473a7c-bacf-11e8-b2b8-ac1f6b6435d0,0 25
e74b6250-bad4-11e8-b2b8-ac1f6b6435d0,0
e75331f2-bad8-11e8-b2b9-ac1f6b6435d0,14
e75426a4-bacc-11e8-b2b8-ac1f6b6435d0,0 25
e75bc3a2-baca-11e8-b2b8-ac1f6b6435d0,11
e75f1b6a-baca-11e8-b2b8-ac1f6b6435d0,0 2 25
e76764e6-bad4-11e8-b2b8-ac1f6b6435d0,0 11 25
e768d2d6-baca-11e8-b2b8-ac1f6b6435d0,11
e776c7ee-bac8-11e8-b2b8-ac1f6b6435d0,1
e778049a-baca-11e8-b2b8-ac1f6b6435d0,0 5
e77c0f46-bad3-11e8-b2b8-ac1f6b6435d0,0 25
e77d4702-baca-11e8-b2b8-ac1f6b6435d0,0 25
e77d7a12-bacd-11e8-b2b8-ac1f6b6435d0,0 11 25
e77ee24e-bad2-11e8-b2b8-ac1f6b6435d0,5
e7829a2c-bad4-11e8-b2b8-ac1f6b6435d0,23
e78317fa-bad8-11e8-b2b9-ac1f6b6435d0,16 17
e78b7f34-bac5-11e8-b2b7-ac1f6b6435d0,0 25
e79381ca-bad4-11e8-b2b8-ac1f6b6435d0,0 25
e7948908-baca-11e8-b2b8-ac1f6b6435d0,
e79ea8dc-bac7-11e8-b2b7-ac1f6b6435d0,0
e7a05526-bad4-11e8-b2b8-ac1f6b6435d0,0 20 23
e7aae6f6-bad6-11e8-b2b9-ac1f6b6435d0,4
e7ad5042-bad3-11e8-b2b8-ac1f6b6435d0,0 25
e7afe36e-bad5-11e8-b2b9-ac1f6b6435d0,14
e7bee7c4-bada-11e8-b2b9-ac1f6b6435d0,0 5
e7c5dc34-bad8-11e8-b2b9-ac1f6b6435d0,0 2 5 25
e7caf03c-bad0-11e8-b2b8-ac1f6b6435d0,4
e7cd9560-bad2-11e8-b2b8-ac1f6b6435d0,0 2
e7d95ed2-bac7-11e8-b2b7-ac1f6b6435d0,4
e7d962ae-bad3-11e8-b2b8-ac1f6b6435d0,0
e7db7f02-bac5-11e8-b2b7-ac1f6b6435d0,0 25
e7db901e-bacf-11e8-b2b8-ac1f6b6435d0,0 2
e7dc76ca-bac8-11e8-b2b8-ac1f6b6435d0,0
e7ec6cd6-bac5-11e8-b2b7-ac1f6b6435d0,0 2 3
e7ee0302-bad4-11e8-b2b8-ac1f6b6435d0,0 7
e7ee3f58-bac9-11e8-b2b8-ac1f6b6435d0,0 25
e7f01cdc-bac5-11e8-b2b7-ac1f6b6435d0,0 21
e7f30a68-bad5-11e8-b2b9-ac1f6b6435d0,0 25
e7f56384-bad1-11e8-b2b8-ac1f6b6435d0,0 1
e7f72080-bac6-11e8-b2b7-ac1f6b6435d0,19
e7fccb96-bad7-11e8-b2b9-ac1f6b6435d0,7
e81266ae-bacd-11e8-b2b8-ac1f6b6435d0,0 4 25
e81d2294-bad0-11e8-b2b8-ac1f6b6435d0,0 25
e81e936e-bad4-11e8-b2b8-ac1f6b6435d0,19
e829aeb2-bad8-11e8-b2b9-ac1f6b6435d0,14 16 17
e831e446-bad9-11e8-b2b9-ac1f6b6435d0,0 25
e837e87a-bad7-11e8-b2b9-ac1f6b6435d0,0 25 26
e85512da-bad5-11e8-b2b9-ac1f6b6435d0,0 21
e857a28a-bad9-11e8-b2b9-ac1f6b6435d0,0 2 12 25
e867c478-bacd-11e8-b2b8-ac1f6b6435d0,0 2 25
e8762fce-bad5-11e8-b2b9-ac1f6b6435d0,0 23
e8815916-bac7-11e8-b2b7-ac1f6b6435d0,22
e8864a5c-bad1-11e8-b2b8-ac1f6b6435d0,11
e88934ec-bad1-11e8-b2b8-ac1f6b6435d0,7
e8920200-bad3-11e8-b2b8-ac1f6b6435d0,18 19 24
e893ecd2-bace-11e8-b2b8-ac1f6b6435d0,0 2 25
e895495c-bac8-11e8-b2b8-ac1f6b6435d0,0
e8a6c408-bad6-11e8-b2b9-ac1f6b6435d0,0 25
e8a700fa-baca-11e8-b2b8-ac1f6b6435d0,0 1 19 25
e8b00eee-bad3-11e8-b2b8-ac1f6b6435d0,0
e8b344ea-bac6-11e8-b2b7-ac1f6b6435d0,0
e8bae166-bad8-11e8-b2b9-ac1f6b6435d0,0 2 14 16 17
e8bc320c-bac7-11e8-b2b7-ac1f6b6435d0,0 2 3
e8c0742a-bad1-11e8-b2b8-ac1f6b6435d0,0
e8c2d8f8-bad8-11e8-b2b9-ac1f6b6435d0,2 12 21
e8ca00f8-bad6-11e8-b2b9-ac1f6b6435d0,0 25
e8ced2e4-bac8-11e8-b2b8-ac1f6b6435d0,1 2
e8d1f77c-bad6-11e8-b2b9-ac1f6b6435d0,7 24
e8d428b8-bad5-11e8-b2b9-ac1f6b6435d0,0 2
e8d562e0-bad6-11e8-b2b9-ac1f6b6435d0,0 25
e8d5dd20-bacb-11e8-b2b8-ac1f6b6435d0,3
e8d70fa0-bac7-11e8-b2b7-ac1f6b6435d0,18 21
e8d7476a-bad4-11e8-b2b8-ac1f6b6435d0,0 5
e8dc8222-bac8-11e8-b2b8-ac1f6b6435d0,0 5 25
e8ddf43a-bac9-11e8-b2b8-ac1f6b6435d0,26
e8e1316a-bad6-11e8-b2b9-ac1f6b6435d0,14 24
e8e7cbd4-bada-11e8-b2b9-ac1f6b6435d0,14
e8eee26c-bacf-11e8-b2b8-ac1f6b6435d0,23 25
e8f092b6-bad8-11e8-b2b9-ac1f6b6435d0,7
e8f64e44-bacf-11e8-b2b8-ac1f6b6435d0,0 25
e905c310-bad4-11e8-b2b8-ac1f6b6435d0,5
e915b7d4-bac5-11e8-b2b7-ac1f6b6435d0,0 2 3 25
e91a8654-bac7-11e8-b2b7-ac1f6b6435d0,5
e922bb18-bacb-11e8-b2b8-ac1f6b6435d0,0 25
e9243816-bacc-11e8-b2b8-ac1f6b6435d0,0 25
e9251da6-bac9-11e8-b2b8-ac1f6b6435d0,0 25
e926c2d2-bad3-11e8-b2b8-ac1f6b6435d0,17 21 25
e9278582-bace-11e8-b2b8-ac1f6b6435d0,0 2
e9397982-bac8-11e8-b2b8-ac1f6b6435d0,22
e941538e-bad5-11e8-b2b9-ac1f6b6435d0,0 7
e945f80e-bacf-11e8-b2b8-ac1f6b6435d0,0 2 25
e94c580e-bad7-11e8-b2b9-ac1f6b6435d0,0
e9504430-baca-11e8-b2b8-ac1f6b6435d0,0 21
e961fa80-bacb-11e8-b2b8-ac1f6b6435d0,0 12 21 25
e967b9b6-bad0-11e8-b2b8-ac1f6b6435d0,0 25
e96845b6-bada-11e8-b2b9-ac1f6b6435d0,0
e969524a-bad4-11e8-b2b8-ac1f6b6435d0,4
e96d61c4-bad8-11e8-b2b9-ac1f6b6435d0,13 25
e971d752-bada-11e8-b2b9-ac1f6b6435d0,21
e972fa9a-bac8-11e8-b2b8-ac1f6b6435d0,0 4
e97c52de-bad7-11e8-b2b9-ac1f6b6435d0,0 25
e98eeafa-bad4-11e8-b2b8-ac1f6b6435d0,21 25
e98f634e-bad5-11e8-b2b9-ac1f6b6435d0,0 21 25
e99576f8-bacb-11e8-b2b8-ac1f6b6435d0,0 25
e99af924-bad6-11e8-b2b9-ac1f6b6435d0,7
e9ade596-bad8-11e8-b2b9-ac1f6b6435d0,5
e9b1bf62-bacf-11e8-b2b8-ac1f6b6435d0,0 25
e9b2c460-bad0-11e8-b2b8-ac1f6b6435d0,21 25
e9b558d2-bacc-11e8-b2b8-ac1f6b6435d0,2 21 25
e9bbadcc-bac7-11e8-b2b7-ac1f6b6435d0,0
e9bd07b2-bacc-11e8-b2b8-ac1f6b6435d0,23
e9be4874-bacd-11e8-b2b8-ac1f6b6435d0,25
e9bec9b0-bac9-11e8-b2b8-ac1f6b6435d0,0 25
e9cd1dae-bad7-11e8-b2b9-ac1f6b6435d0,0 2
e9cf391c-bace-11e8-b2b8-ac1f6b6435d0,0 21 25
e9d9e8ec-bad0-11e8-b2b8-ac1f6b6435d0,0 21 23 25
e9db58b4-bad3-11e8-b2b8-ac1f6b6435d0,0 11
e9e89736-bad3-11e8-b2b8-ac1f6b6435d0,0 25
e9f21556-bad6-11e8-b2b9-ac1f6b6435d0,7
e9f4aa3c-bacc-11e8-b2b8-ac1f6b6435d0,14
e9fd33c4-bada-11e8-b2b9-ac1f6b6435d0,11
ea022f96-bada-11e8-b2b9-ac1f6b6435d0,2 25
ea037202-bad0-11e8-b2b8-ac1f6b6435d0,7
ea04619a-bad9-11e8-b2b9-ac1f6b6435d0,2 21 25
ea0475bc-bacb-11e8-b2b8-ac1f6b6435d0,0 5 24
ea121a46-bad0-11e8-b2b8-ac1f6b6435d0,2 4 25
ea1a2cea-bac6-11e8-b2b7-ac1f6b6435d0,0 23
ea1d489a-bacf-11e8-b2b8-ac1f6b6435d0,7
ea2152be-bac5-11e8-b2b7-ac1f6b6435d0,14
ea22896e-bad3-11e8-b2b8-ac1f6b6435d0,0 14
ea2c9a5a-bad1-11e8-b2b8-ac1f6b6435d0,0 7
ea2f8956-bad4-11e8-b2b8-ac1f6b6435d0,0 5 25
ea2ffcc8-bada-11e8-b2b9-ac1f6b6435d0,5
ea31c666-bad5-11e8-b2b9-ac1f6b6435d0,0 14
ea334ab8-bacb-11e8-b2b8-ac1f6b6435d0,23
ea35c01a-bac9-11e8-b2b8-ac1f6b6435d0,5 17 25
ea37e1ba-bace-11e8-b2b8-ac1f6b6435d0,11
ea42bcbc-bad2-11e8-b2b8-ac1f6b6435d0,0 1
ea4722ca-bad7-11e8-b2b9-ac1f6b6435d0,0 17 25
ea5e4bdc-bada-11e8-b2b9-ac1f6b6435d0,0 5 25
ea5e599c-bad0-11e8-b2b8-ac1f6b6435d0,16 17 25
ea698244-bacc-11e8-b2b8-ac1f6b6435d0,0 19 25
ea74efe8-bad2-11e8-b2b8-ac1f6b6435d0,0 2 15 16
ea76fd72-baca-11e8-b2b8-ac1f6b6435d0,2 21 25
ea7887ca-bacd-11e8-b2b8-ac1f6b6435d0,0 25
ea7b3b2c-bace-11e8-b2b8-ac1f6b6435d0,0 1 7
ea7de380-baca-11e8-b2b8-ac1f6b6435d0,14
ea7ebfa6-bad1-11e8-b2b8-ac1f6b6435d0,0 5 25
ea87b2de-bad9-11e8-b2b9-ac1f6b6435d0,4
ea888b82-bad9-11e8-b2b9-ac1f6b6435d0,25
ea914c9c-bac8-11e8-b2b8-ac1f6b6435d0,0 2
ea954dba-bacd-11e8-b2b8-ac1f6b6435d0,0
ea9e6a32-bac6-11e8-b2b7-ac1f6b6435d0,0 5 25
ea9f13dc-bad1-11e8-b2b8-ac1f6b6435d0,0 7 25
eaa73774-bacc-11e8-b2b8-ac1f6b6435d0,0 1 7
eaabb498-bac7-11e8-b2b7-ac1f6b6435d0,0 25
eaad5aae-bad7-11e8-b2b9-ac1f6b6435d0,0 5
eaaf3cf8-bac7-11e8-b2b7-ac1f6b6435d0,3 7 25
eaafd89e-bad5-11e8-b2b9-ac1f6b6435d0,7 23
eab7e26e-bad0-11e8-b2b8-ac1f6b6435d0,0 25
eabe379c-bad3-11e8-b2b8-ac1f6b6435d0,0 4
eac53240-bac9-11e8-b2b8-ac1f6b6435d0,25
eacef794-bace-11e8-b2b8-ac1f6b6435d0,0 7 25
ead284b2-bad9-11e8-b2b9-ac1f6b6435d0,0 25 26
eadd0ab8-bac5-11e8-b2b7-ac1f6b6435d0,0 4
eae0d03e-bada-11e8-b2b9-ac1f6b6435d0,0 2 5
eae7bc18-bac7-11e8-b2b7-ac1f6b6435d0,0 4 25
eaeb5e80-bacd-11e8-b2b8-ac1f6b6435d0,0 25
eaf35926-bad4-11e8-b2b8-ac1f6b6435d0,0 19 21 25
eaf76930-bacf-11e8-b2b8-ac1f6b6435d0,0 14
eaf8f6e4-bad2-11e8-b2b8-ac1f6b6435d0,7 23
eaff963c-bacf-11e8-b2b8-ac1f6b6435d0,14 16
eb0532e2-bacd-11e8-b2b8-ac1f6b6435d0,0 1
eb06ae54-bad9-11e8-b2b9-ac1f6b6435d0,5 7
eb0bdffc-bac8-11e8-b2b8-ac1f6b6435d0,0 13
eb0fc572-bac8-11e8-b2b8-ac1f6b6435d0,0 7 25
eb1ffa3e-bac6-11e8-b2b7-ac1f6b6435d0,0 11 12
eb223832-bad8-11e8-b2b9-ac1f6b6435d0,17 25
eb22903c-bac6-11e8-b2b7-ac1f6b6435d0,1 25
eb236434-bacc-11e8-b2b8-ac1f6b6435d0,0 25
eb3d695a-bad7-11e8-b2b9-ac1f6b6435d0,0 25
eb3d8d9a-bacd-11e8-b2b8-ac1f6b6435d0,0 7 14
eb40c61a-bada-11e8-b2b9-ac1f6b6435d0,0 25
eb443446-bad3-11e8-b2b8-ac1f6b6435d0,0 25
eb507862-bacb-11e8-b2b8-ac1f6b6435d0,0
eb518f26-bac7-11e8-b2b7-ac1f6b6435d0,21
eb53bf56-bac9-11e8-b2b8-ac1f6b6435d0,0 19 25
eb5cc6cc-baca-11e8-b2b8-ac1f6b6435d0,0 2
eb5d8d76-bad1-11e8-b2b8-ac1f6b6435d0,0 1
eb5f12ae-bad6-11e8-b2b9-ac1f6b6435d0,0
eb665db0-bacd-11e8-b2b8-ac1f6b6435d0,0 7 25
eb7b2a52-bacc-11e8-b2b8-ac1f6b6435d0,0 25
eb8093fa-bace-11e8-b2b8-ac1f6b6435d0,0 2 25
eb84eca6-bac5-11e8-b2b7-ac1f6b6435d0,23
eb85087c-bad3-11e8-b2b8-ac1f6b6435d0,0 25
eb8a0af6-bacf-11e8-b2b8-ac1f6b6435d0,23
eb8bc338-bac9-11e8-b2b8-ac1f6b6435d0,0
eb8fd98e-bad6-11e8-b2b9-ac1f6b6435d0,0 7
eb90ffde-bad7-11e8-b2b9-ac1f6b6435d0,6
eb9ba7be-bac7-11e8-b2b7-ac1f6b6435d0,2 21 25
eb9bc436-bace-11e8-b2b8-ac1f6b6435d0,3 23
eb9ff414-bad5-11e8-b2b9-ac1f6b6435d0,4 25
eba13978-bad0-11e8-b2b8-ac1f6b6435d0,0 25
eba3c196-bad7-11e8-b2b9-ac1f6b6435d0,5
eba42d0c-bad7-11e8-b2b9-ac1f6b6435d0,0 21 25
ebabc500-bac6-11e8-b2b7-ac1f6b6435d0,11
ebb70244-bad5-11e8-b2b9-ac1f6b6435d0,0 21 25
ebbeb1be-bad6-11e8-b2b9-ac1f6b6435d0,0 25
ebc31b52-bad9-11e8-b2b9-ac1f6b6435d0,0 18
ebce38be-bac7-11e8-b2b7-ac1f6b6435d0,0 25
ebd0912c-bac7-11e8-b2b7-ac1f6b6435d0,0 1
ebd28bb0-bace-11e8-b2b8-ac1f6b6435d0,18
ebd43fa2-bad6-11e8-b2b9-ac1f6b6435d0,0 5 21 22
ebdd833e-bad4-11e8-b2b8-ac1f6b6435d0,2
ebe02d5c-bac8-11e8-b2b8-ac1f6b6435d0,0 25
ebeb215c-bad3-11e8-b2b8-ac1f6b6435d0,0 14 25
ebef519c-bac8-11e8-b2b8-ac1f6b6435d0,4
ebef6258-bad8-11e8-b2b9-ac1f6b6435d0,0
ebf4a3ec-bacb-11e8-b2b8-ac1f6b6435d0,0 25
ebf6a908-bada-11e8-b2b9-ac1f6b6435d0,0 21 25
ebfd183e-bacf-11e8-b2b8-ac1f6b6435d0,21 24
ec03be7a-bad2-11e8-b2b8-ac1f6b6435d0,0 25
ec0560d0-bad3-11e8-b2b8-ac1f6b6435d0,0 2 25
ec087d1e-bacf-11e8-b2b8-ac1f6b6435d0,0 16
ec111eb8-bad6-11e8-b2b9-ac1f6b6435d0,0 21 22
ec165ef2-bad9-11e8-b2b9-ac1f6b6435d0,20
ec16bdb8-bac8-11e8-b2b8-ac1f6b6435d0,13
ec19913a-baca-11e8-b2b8-ac1f6b6435d0,25
ec2414be-bad1-11e8-b2b8-ac1f6b6435d0,6
ec2ec19a-baca-11e8-b2b8-ac1f6b6435d0,0 16 17 25
ec387f8a-bacc-11e8-b2b8-ac1f6b6435d0,0 14 16 17 25
ec390e38-bada-11e8-b2b9-ac1f6b6435d0,0 21 22
ec434c4a-bacb-11e8-b2b8-ac1f6b6435d0,2 14 25
ec487d24-bac5-11e8-b2b7-ac1f6b6435d0,0 3 8 25
ec493480-bac5-11e8-b2b7-ac1f6b6435d0,7
ec4b674e-bad6-11e8-b2b9-ac1f6b6435d0,18 25
ec51d06a-bac8-11e8-b2b8-ac1f6b6435d0,23
ec526008-bad6-11e8-b2b9-ac1f6b6435d0,0 25
ec528cd6-bad6-11e8-b2b9-ac1f6b6435d0,0 21
ec62ca3c-bad7-11e8-b2b9-ac1f6b6435d0,0 20
ec64f3f8-bad1-11e8-b2b8-ac1f6b6435d0,0 25
ec6f0f54-bad2-11e8-b2b8-ac1f6b6435d0,25
ec6f78b8-bad2-11e8-b2b8-ac1f6b6435d0,0 2
ec76d410-bad6-11e8-b2b9-ac1f6b6435d0,0 2 19
ec796b96-bac5-11e8-b2b7-ac1f6b6435d0,0 21 25
ec7d5e6e-bad3-11e8-b2b8-ac1f6b6435d0,23
ec803a62-bac9-11e8-b2b8-ac1f6b6435d0,2 25
ec85689c-bad4-11e8-b2b8-ac1f6b6435d0,0 7
ec862d38-bac8-11e8-b2b8-ac1f6b6435d0,25
ec8e04de-bac5-11e8-b2b7-ac1f6b6435d0,0 16 17 25
ec9b7c58-bac6-11e8-b2b7-ac1f6b6435d0,5
ec9c9746-bad5-11e8-b2b9-ac1f6b6435d0,0 11 25
ec9cdd64-bacb-11e8-b2b8-ac1f6b6435d0,0 25
ecae0a8e-bacc-11e8-b2b8-ac1f6b6435d0,0
ecae1362-bacc-11e8-b2b8-ac1f6b6435d0,0 14 21 25
ecae796e-bad2-11e8-b2b8-ac1f6b6435d0,0 3 7 25
ecbd70fc-baca-11e8-b2b8-ac1f6b6435d0,0 26
ecc551b0-bad3-11e8-b2b8-ac1f6b6435d0,0 2 21 25
ecc91904-bac8-11e8-b2b8-ac1f6b6435d0,0 2 25
ecd0ffe4-bad6-11e8-b2b9-ac1f6b6435d0,0 1 2
ecd26796-bad9-11e8-b2b9-ac1f6b6435d0,0 5
ecd56b12-baca-11e8-b2b8-ac1f6b6435d0,0 25
ecdd37a0-bad1-11e8-b2b8-ac1f6b6435d0,0
ecddbfe4-bad2-11e8-b2b8-ac1f6b6435d0,0
ece46dce-bacf-11e8-b2b8-ac1f6b6435d0,0 25
ecebbf20-bacf-11e8-b2b8-ac1f6b6435d0,0 21
eceddc00-bad5-11e8-b2b9-ac1f6b6435d0,21
ecf4736a-bad7-11e8-b2b9-ac1f6b6435d0,0 2
ecf78eb8-baca-11e8-b2b8-ac1f6b6435d0,0 2 25
ed0d5334-bad8-11e8-b2b9-ac1f6b6435d0,0 25
ed131132-bacb-11e8-b2b8-ac1f6b6435d0,25
ed18b0c6-bad8-11e8-b2b9-ac1f6b6435d0,7 23
ed1b7e98-bad1-11e8-b2b8-ac1f6b6435d0,0 25 26
ed1dbdbe-bac9-11e8-b2b8-ac1f6b6435d0,0 12 25
ed1e7fcc-bada-11e8-b2b9-ac1f6b6435d0,23
ed20afe2-bac9-11e8-b2b8-ac1f6b6435d0,0 25
ed30bc02-bace-11e8-b2b8-ac1f6b6435d0,0 7 22
ed30e39e-bac9-11e8-b2b8-ac1f6b6435d0,3
ed31b9b8-bad3-11e8-b2b8-ac1f6b6435d0,7 21 25
ed341a22-bac5-11e8-b2b7-ac1f6b6435d0,0 5
ed3e05f4-bada-11e8-b2b9-ac1f6b6435d0,16 17 18 21 25
ed41826c-bad8-11e8-b2b9-ac1f6b6435d0,0 25
ed424734-bac8-11e8-b2b8-ac1f6b6435d0,0 7
ed4bfefc-bac6-11e8-b2b7-ac1f6b6435d0,1 25
ed5478fc-bada-11e8-b2b9-ac1f6b6435d0,3
ed55376a-bad5-11e8-b2b9-ac1f6b6435d0,19 21 25
ed5cf6e2-bad2-11e8-b2b8-ac1f6b6435d0,4
ed5d3640-bacb-11e8-b2b8-ac1f6b6435d0,0 1
ed64651c-bad2-11e8-b2b8-ac1f6b6435d0,7 25
ed665e5a-bad5-11e8-b2b9-ac1f6b6435d0,18 19
ed671732-bad5-11e8-b2b9-ac1f6b6435d0,5 18 25
ed675522-bad9-11e8-b2b9-ac1f6b6435d0,17 25
ed6ffba8-bad6-11e8-b2b9-ac1f6b6435d0,0
ed74e720-bad2-11e8-b2b8-ac1f6b6435d0,21
ed759164-baca-11e8-b2b8-ac1f6b6435d0,0 2 25
ed7935d8-bad1-11e8-b2b8-ac1f6b6435d0,1
ed7c6d5c-bad6-11e8-b2b9-ac1f6b6435d0,23
ed7c8d30-bace-11e8-b2b8-ac1f6b6435d0,7 25
ed7f9a84-bad3-11e8-b2b8-ac1f6b6435d0,0 5 25
ed85a158-bad9-11e8-b2b9-ac1f6b6435d0,21
ed8af3b6-bad8-11e8-b2b9-ac1f6b6435d0,0 7 25
ed8fc422-bad3-11e8-b2b8-ac1f6b6435d0,0
ed9620a4-bad0-11e8-b2b8-ac1f6b6435d0,0 5
ed97833a-bac7-11e8-b2b7-ac1f6b6435d0,0 1 7 25
ed982be8-bacf-11e8-b2b8-ac1f6b6435d0,25
ed985fce-bad8-11e8-b2b9-ac1f6b6435d0,14
ed9fe794-bac9-11e8-b2b8-ac1f6b6435d0,0 4 19
edb5b41e-bad0-11e8-b2b8-ac1f6b6435d0,0 16
edb8ee4c-bace-11e8-b2b8-ac1f6b6435d0,0 2
edbd3f92-bad8-11e8-b2b9-ac1f6b6435d0,25
edcac8b8-bada-11e8-b2b9-ac1f6b6435d0,0 21 25
edcb9ede-bace-11e8-b2b8-ac1f6b6435d0,0 23
edcd8d26-bacd-11e8-b2b8-ac1f6b6435d0,0 21 25
edcf8200-baca-11e8-b2b8-ac1f6b6435d0,0 25
eddc967e-bad0-11e8-b2b8-ac1f6b6435d0,0 25
ede0426e-bac7-11e8-b2b7-ac1f6b6435d0,6
ede1074a-bacb-11e8-b2b8-ac1f6b6435d0,0 2 23 25
edef89fe-bac7-11e8-b2b7-ac1f6b6435d0,0 2 21
edf4fb3a-bad3-11e8-b2b8-ac1f6b6435d0,0 25
edf52d56-bacb-11e8-b2b8-ac1f6b6435d0,18 19
edf6c594-bad5-11e8-b2b9-ac1f6b6435d0,23 25
edfd0548-bad1-11e8-b2b8-ac1f6b6435d0,0 11
edfdea3c-baca-11e8-b2b8-ac1f6b6435d0,4
edfe449e-bacc-11e8-b2b8-ac1f6b6435d0,0 25
edfe83c8-bad1-11e8-b2b8-ac1f6b6435d0,0
ee047e96-bad0-11e8-b2b8-ac1f6b6435d0,1
ee0d3838-bac6-11e8-b2b7-ac1f6b6435d0,2 21 25
ee1962fe-bad8-11e8-b2b9-ac1f6b6435d0,0
ee1bf04c-bad7-11e8-b2b9-ac1f6b6435d0,0 21
ee1cb966-bad0-11e8-b2b8-ac1f6b6435d0,0 25
ee238416-bacc-11e8-b2b8-ac1f6b6435d0,0 7
ee239e86-bac9-11e8-b2b8-ac1f6b6435d0,3 19 25
ee2c7e3c-bad0-11e8-b2b8-ac1f6b6435d0,23
ee31f7ac-bac8-11e8-b2b8-ac1f6b6435d0,0
ee334694-bacc-11e8-b2b8-ac1f6b6435d0,0 3
ee3c0bee-bad1-11e8-b2b8-ac1f6b6435d0,4
ee40b6a4-bad0-11e8-b2b8-ac1f6b6435d0,6 25
ee419648-bad3-11e8-b2b8-ac1f6b6435d0,0 23
ee45ec8a-bac8-11e8-b2b8-ac1f6b6435d0,0 21 25
ee54c3a6-bacb-11e8-b2b8-ac1f6b6435d0,0 25
ee5615da-bad5-11e8-b2b9-ac1f6b6435d0,18
ee57717c-bac7-11e8-b2b7-ac1f6b6435d0,0 25
ee5994e2-bacd-11e8-b2b8-ac1f6b6435d0,2 6 25
ee5a2c2e-bada-11e8-b2b9-ac1f6b6435d0,0 7
ee662372-bad9-11e8-b2b9-ac1f6b6435d0,0 25
ee6e1c30-bad4-11e8-b2b8-ac1f6b6435d0,4
ee6e2bc0-bac6-11e8-b2b7-ac1f6b6435d0,0 21 25
ee6fc096-bad2-11e8-b2b8-ac1f6b6435d0,0 25
ee8fa6f4-bacd-11e8-b2b8-ac1f6b6435d0,5
ee922f9e-bacf-11e8-b2b8-ac1f6b6435d0,0 5 15 26
ee9237b4-bac5-11e8-b2b7-ac1f6b6435d0,23
ee937a1a-bad5-11e8-b2b9-ac1f6b6435d0,0 12
ee9bbb5e-bac5-11e8-b2b7-ac1f6b6435d0,3
eec43492-bad1-11e8-b2b8-ac1f6b6435d0,0 25
eec7006a-bad0-11e8-b2b8-ac1f6b6435d0,0 16 25
eeccea1e-bad7-11e8-b2b9-ac1f6b6435d0,4
eed042d2-bad6-11e8-b2b9-ac1f6b6435d0,0 5 25
eed20268-bacf-11e8-b2b8-ac1f6b6435d0,0 1
eeda5f6a-bacc-11e8-b2b8-ac1f6b6435d0,0 2 5
eeeabbee-bac7-11e8-b2b7-ac1f6b6435d0,23
eeed2f24-bad0-11e8-b2b8-ac1f6b6435d0,19
eeef28be-bad1-11e8-b2b8-ac1f6b6435d0,0 19
ef009d60-bacc-11e8-b2b8-ac1f6b6435d0,0 25
ef0217a0-bad9-11e8-b2b9-ac1f6b6435d0,11 21
ef06effe-bad5-11e8-b2b9-ac1f6b6435d0,25
ef09d18a-bac9-11e8-b2b8-ac1f6b6435d0,2 25
ef0a6846-bac6-11e8-b2b7-ac1f6b6435d0,25
ef115626-bac9-11e8-b2b8-ac1f6b6435d0,0 1 7
ef144998-bacf-11e8-b2b8-ac1f6b6435d0,0 2 5
ef1a38fc-bac6-11e8-b2b7-ac1f6b6435d0,0 2 5
ef226a8c-bad9-11e8-b2b9-ac1f6b6435d0,0 25
ef24d8ea-bace-11e8-b2b8-ac1f6b6435d0,0
ef266d8a-bac5-11e8-b2b7-ac1f6b6435d0,23
ef31446e-bad2-11e8-b2b8-ac1f6b6435d0,0 17 25
ef33e1fe-bad9-11e8-b2b9-ac1f6b6435d0,2
ef3a2096-bad4-11e8-b2b8-ac1f6b6435d0,0 25
ef3c4864-bad7-11e8-b2b9-ac1f6b6435d0,23
ef3d748e-bada-11e8-b2b9-ac1f6b6435d0,0 5 25
ef408c74-bad4-11e8-b2b8-ac1f6b6435d0,7
ef4aeef0-bad2-11e8-b2b8-ac1f6b6435d0,0
ef5c8574-bac9-11e8-b2b8-ac1f6b6435d0,0 25
ef627630-bac6-11e8-b2b7-ac1f6b6435d0,0 25
ef637b22-bac9-11e8-b2b8-ac1f6b6435d0,0 2
ef63e282-bad9-11e8-b2b9-ac1f6b6435d0,0 13 21 25
ef65cc2a-bad7-11e8-b2b9-ac1f6b6435d0,2
ef6f0b10-bacc-11e8-b2b8-ac1f6b6435d0,0 26
ef792bb6-bace-11e8-b2b8-ac1f6b6435d0,7 18 25
ef84700a-bada-11e8-b2b9-ac1f6b6435d0,0 26
ef89b3f2-bac7-11e8-b2b7-ac1f6b6435d0,0 2
ef8b3d84-bacd-11e8-b2b8-ac1f6b6435d0,0 1
ef95a13e-bad7-11e8-b2b9-ac1f6b6435d0,0 2 25
ef9c373c-bace-11e8-b2b8-ac1f6b6435d0,0 21
ef9c8fd8-baca-11e8-b2b8-ac1f6b6435d0,0
efae1e96-bad5-11e8-b2b9-ac1f6b6435d0,0 18 21 25
efb11d60-bac8-11e8-b2b8-ac1f6b6435d0,0 25
efb3ac4c-bad2-11e8-b2b8-ac1f6b6435d0,0 25
efb532ba-bac8-11e8-b2b8-ac1f6b6435d0,0
efb883a8-bac7-11e8-b2b7-ac1f6b6435d0,0 23
efc93890-bace-11e8-b2b8-ac1f6b6435d0,2 14 17
efd0efd0-baca-11e8-b2b8-ac1f6b6435d0,0 25
efd277e4-bad2-11e8-b2b8-ac1f6b6435d0,19
efd968fe-bac5-11e8-b2b7-ac1f6b6435d0,1
efe34f76-bada-11e8-b2b9-ac1f6b6435d0,0 5 11 25
efe45e9c-bad1-11e8-b2b8-ac1f6b6435d0,0
efe626a0-bacc-11e8-b2b8-ac1f6b6435d0,0 1 23
efebe2ea-bad9-11e8-b2b9-ac1f6b6435d0,0 21 26
eff2b984-bad0-11e8-b2b8-ac1f6b6435d0,25
eff41354-bad7-11e8-b2b9-ac1f6b6435d0,17 25
eff75c14-bad5-11e8-b2b9-ac1f6b6435d0,0 21 25
eff8f1f0-bac6-11e8-b2b7-ac1f6b6435d0,23
effafb68-bad4-11e8-b2b8-ac1f6b6435d0,0 2
f00574f0-bad7-11e8-b2b9-ac1f6b6435d0,0 3
f00cf3b4-bad8-11e8-b2b9-ac1f6b6435d0,0 5 7
f01a2e60-bada-11e8-b2b9-ac1f6b6435d0,0 19
f01c284e-bad2-11e8-b2b8-ac1f6b6435d0,25
f0204ad8-bacc-11e8-b2b8-ac1f6b6435d0,0 25
f02082ba-bad5-11e8-b2b9-ac1f6b6435d0,0 1 21 25
f026f92c-bac8-11e8-b2b8-ac1f6b6435d0,0
f0291afa-bad6-11e8-b2b9-ac1f6b6435d0,0 25
f032c56e-bad6-11e8-b2b9-ac1f6b6435d0,0 7 21
f038ee0a-bad4-11e8-b2b8-ac1f6b6435d0,14
f04015cc-bac5-11e8-b2b7-ac1f6b6435d0,0 7
f0404cce-bad7-11e8-b2b9-ac1f6b6435d0,0 7 25
f0430f9a-bacd-11e8-b2b8-ac1f6b6435d0,0 12
f04be3ae-bad7-11e8-b2b9-ac1f6b6435d0,0 5 25
f0536ce4-bac5-11e8-b2b7-ac1f6b6435d0,0 7
f054150c-bacc-11e8-b2b8-ac1f6b6435d0,0 7 16 25
f0570e56-bad1-11e8-b2b8-ac1f6b6435d0,18 19
f06ba114-bad0-11e8-b2b8-ac1f6b6435d0,0 21 25
f06e5810-bacf-11e8-b2b8-ac1f6b6435d0,0 2
f071ceea-bad5-11e8-b2b9-ac1f6b6435d0,7 13
f071ee12-bad9-11e8-b2b9-ac1f6b6435d0,0 21
f073360e-bac6-11e8-b2b7-ac1f6b6435d0,25
f084d6e8-bada-11e8-b2b9-ac1f6b6435d0,0 1
f08518ea-bacd-11e8-b2b8-ac1f6b6435d0,0 1 25
f08dd30a-bad1-11e8-b2b8-ac1f6b6435d0,0
f093434e-bac7-11e8-b2b7-ac1f6b6435d0,14
f095357a-bacf-11e8-b2b8-ac1f6b6435d0,4 23
f0a3abc8-baca-11e8-b2b8-ac1f6b6435d0,23
f0a6d40a-bacb-11e8-b2b8-ac1f6b6435d0,0 14
f0a710d0-bac8-11e8-b2b8-ac1f6b6435d0,0 7
f0ab41ba-bacc-11e8-b2b8-ac1f6b6435d0,14 17
f0b1c686-baca-11e8-b2b8-ac1f6b6435d0,0 14
f0b35fac-bacd-11e8-b2b8-ac1f6b6435d0,0 21 25
f0b6246c-bacd-11e8-b2b8-ac1f6b6435d0,0 2 15
f0c0eae0-bad8-11e8-b2b9-ac1f6b6435d0,0 16 17 18 25
f0c39d26-bad8-11e8-b2b9-ac1f6b6435d0,0 21 25
f0c57960-bad4-11e8-b2b8-ac1f6b6435d0,0 11 25
f0c922a6-bac8-11e8-b2b8-ac1f6b6435d0,0 5 25
f0d3b320-bacc-11e8-b2b8-ac1f6b6435d0,0 13 25
f0dd4402-bacd-11e8-b2b8-ac1f6b6435d0,0 2
f0e39a82-bac8-11e8-b2b8-ac1f6b6435d0,0 25
f0f22aa4-bacb-11e8-b2b8-ac1f6b6435d0,2
f0f38844-bacc-11e8-b2b8-ac1f6b6435d0,0 20
f0fccdf0-bad6-11e8-b2b9-ac1f6b6435d0,4
f10d1e0a-bad9-11e8-b2b9-ac1f6b6435d0,0 25
f10f1baa-bac6-11e8-b2b7-ac1f6b6435d0,0
f110c71a-bacc-11e8-b2b8-ac1f6b6435d0,0 7
f1171b9a-bad8-11e8-b2b9-ac1f6b6435d0,14 16 17
f11d2e40-bace-11e8-b2b8-ac1f6b6435d0,25
f12aab0c-bad2-11e8-b2b8-ac1f6b6435d0,0 25
f12d24e2-bacb-11e8-b2b8-ac1f6b6435d0,0 25
f12e5ea6-bad1-11e8-b2b8-ac1f6b6435d0,25
f1331898-bada-11e8-b2b9-ac1f6b6435d0,3
f1361352-bac8-11e8-b2b8-ac1f6b6435d0,0 1
f13c086c-bad6-11e8-b2b9-ac1f6b6435d0,0 2 7
f142bd58-bad9-11e8-b2b9-ac1f6b6435d0,0 5 18
f14555b0-bad7-11e8-b2b9-ac1f6b6435d0,13
f145f83e-bace-11e8-b2b8-ac1f6b6435d0,0 25
f1565524-bacb-11e8-b2b8-ac1f6b6435d0,0 25
f15b03ea-bad4-11e8-b2b8-ac1f6b6435d0,5 25
f1826eec-bac7-11e8-b2b7-ac1f6b6435d0,0 4
f1839198-bacf-11e8-b2b8-ac1f6b6435d0,0 21 25
f18b587a-bad3-11e8-b2b8-ac1f6b6435d0,0 1 2 21
f18b8bfc-bad2-11e8-b2b8-ac1f6b6435d0,0 25
f18e4ad4-bad4-11e8-b2b8-ac1f6b6435d0,0 2
f1948404-bad3-11e8-b2b8-ac1f6b6435d0,7 25
f1991abe-bac9-11e8-b2b8-ac1f6b6435d0,0 5 7 21
f19b5cf0-bad5-11e8-b2b9-ac1f6b6435d0,0 7 25
f1a51570-bac5-11e8-b2b7-ac1f6b6435d0,4
f1b004e6-bad2-11e8-b2b8-ac1f6b6435d0,0 21 25
f1b4fade-bad0-11e8-b2b8-ac1f6b6435d0,0 21 25
f1b61f0a-bac5-11e8-b2b7-ac1f6b6435d0,2 25
f1b924fc-bac5-11e8-b2b7-ac1f6b6435d0,0 25
f1b97ac4-baca-11e8-b2b8-ac1f6b6435d0,0 5 25
f1bcd8ea-bacf-11e8-b2b8-ac1f6b6435d0,11
f1bf1b74-bad8-11e8-b2b9-ac1f6b6435d0,0 25
f1bf4a3c-bad2-11e8-b2b8-ac1f6b6435d0,11
f1c20050-bace-11e8-b2b8-ac1f6b6435d0,0
f1c547be-bac5-11e8-b2b7-ac1f6b6435d0,0 4
f1c776c8-bac6-11e8-b2b7-ac1f6b6435d0,1 25
f1cb55e4-bad1-11e8-b2b8-ac1f6b6435d0,12 21
f1cc7a44-bad3-11e8-b2b8-ac1f6b6435d0,0 2
f1cdde18-bacc-11e8-b2b8-ac1f6b6435d0,14
f1d82b36-bac5-11e8-b2b7-ac1f6b6435d0,0 25
f1dc831a-bada-11e8-b2b9-ac1f6b6435d0,22 23
f1e16bc6-bad7-11e8-b2b9-ac1f6b6435d0,0 13 21 22
f1e856d0-bad6-11e8-b2b9-ac1f6b6435d0,24
f1ea49dc-bada-11e8-b2b9-ac1f6b6435d0,6 7
f1ea7c84-bacd-11e8-b2b8-ac1f6b6435d0,21
f1f1d1ea-bac9-11e8-b2b8-ac1f6b6435d0,21
f1f6265a-bad8-11e8-b2b9-ac1f6b6435d0,14
f1f7011a-bac9-11e8-b2b8-ac1f6b6435d0,23 25
f1f9aa4a-bac5-11e8-b2b7-ac1f6b6435d0,0 21 22 25
f1fedb16-bad2-11e8-b2b8-ac1f6b6435d0,0 20
f20035f6-bac8-11e8-b2b8-ac1f6b6435d0,0 5 25
f200d022-bad4-11e8-b2b8-ac1f6b6435d0,25
f204676e-bad4-11e8-b2b8-ac1f6b6435d0,2 20 23
f2111e0a-bacf-11e8-b2b8-ac1f6b6435d0,0 7
f2134558-bac6-11e8-b2b7-ac1f6b6435d0,25
f21e8aa0-bad8-11e8-b2b9-ac1f6b6435d0,0 21 25
f2236c9c-bacd-11e8-b2b8-ac1f6b6435d0,0 4
f22cf8c2-bac6-11e8-b2b7-ac1f6b6435d0,0 24
f23acd3a-bacb-11e8-b2b8-ac1f6b6435d0,0 7
f23c57e0-bac6-11e8-b2b7-ac1f6b6435d0,0 25
f23f2092-bac6-11e8-b2b7-ac1f6b6435d0,0
f23f5ac4-bad7-11e8-b2b9-ac1f6b6435d0,2 25
f24714e2-bacf-11e8-b2b8-ac1f6b6435d0,0 25
f24a6074-bada-11e8-b2b9-ac1f6b6435d0,0 12
f24cc46c-bac7-11e8-b2b7-ac1f6b6435d0,7 21 25
f2532254-bad5-11e8-b2b9-ac1f6b6435d0,0 2 25
f2569cd4-bac8-11e8-b2b8-ac1f6b6435d0,23
f259a26a-bad4-11e8-b2b8-ac1f6b6435d0,0 25
f259e1be-bad7-11e8-b2b9-ac1f6b6435d0,0
f26a1c6a-bacc-11e8-b2b8-ac1f6b6435d0,0 14
f26eecb2-bacd-11e8-b2b8-ac1f6b6435d0,23
f271ec28-bad2-11e8-b2b8-ac1f6b6435d0,19
f274f614-baca-11e8-b2b8-ac1f6b6435d0,0
f27ab57c-bad9-11e8-b2b9-ac1f6b6435d0,3 25
f27b681a-bad3-11e8-b2b8-ac1f6b6435d0,0 2 25
f282d4ee-bad1-11e8-b2b8-ac1f6b6435d0,0 12
f29841fa-bad9-11e8-b2b9-ac1f6b6435d0,0 7
f29aefca-bac7-11e8-b2b7-ac1f6b6435d0,1
f29bcf3c-bac5-11e8-b2b7-ac1f6b6435d0,18 19 25
f29c95ba-bad0-11e8-b2b8-ac1f6b6435d0,11
f2a1a016-bad8-11e8-b2b9-ac1f6b6435d0,0 25
f2a456a2-bad4-11e8-b2b8-ac1f6b6435d0,12
f2a57baa-bac9-11e8-b2b8-ac1f6b6435d0,
f2a8902e-bad3-11e8-b2b8-ac1f6b6435d0,0 25
f2b89652-bada-11e8-b2b9-ac1f6b6435d0,0 1 25
f2b9725c-bad5-11e8-b2b9-ac1f6b6435d0,0 12 21
f2c7d856-bac6-11e8-b2b7-ac1f6b6435d0,0 7
f2d509ee-bad1-11e8-b2b8-ac1f6b6435d0,0 2 25
f2d6b4c6-bac5-11e8-b2b7-ac1f6b6435d0,14 21
f2e69f18-bad3-11e8-b2b8-ac1f6b6435d0,0
f30647f0-bac9-11e8-b2b8-ac1f6b6435d0,0 21 25
f30d066e-bad1-11e8-b2b8-ac1f6b6435d0,7
f30f8f44-baca-11e8-b2b8-ac1f6b6435d0,18 19 25
f316288c-bad8-11e8-b2b9-ac1f6b6435d0,0 1
f31666fa-bad1-11e8-b2b8-ac1f6b6435d0,0 21 25
f318fe1c-bad4-11e8-b2b8-ac1f6b6435d0,0
f31ea30a-bad2-11e8-b2b8-ac1f6b6435d0,0 23
f3254cac-bacb-11e8-b2b8-ac1f6b6435d0,0 13 22
f3266bae-bacc-11e8-b2b8-ac1f6b6435d0,0
f327e7a0-bad5-11e8-b2b9-ac1f6b6435d0,0 1 7 25
f3283946-bad8-11e8-b2b9-ac1f6b6435d0,0 18 19
f33de92c-bad7-11e8-b2b9-ac1f6b6435d0,0 2 4 25
f33fe7fc-bacf-11e8-b2b8-ac1f6b6435d0,0 25
f3410c88-bac8-11e8-b2b8-ac1f6b6435d0,0 21 25
f34a96f8-bac9-11e8-b2b8-ac1f6b6435d0,0 7
f3505c24-bad7-11e8-b2b9-ac1f6b6435d0,0 2
f35327bc-bad0-11e8-b2b8-ac1f6b6435d0,0 4
f35e3de2-bad9-11e8-b2b9-ac1f6b6435d0,23
f3633470-bacd-11e8-b2b8-ac1f6b6435d0,0 1 25
f36a4968-bad2-11e8-b2b8-ac1f6b6435d0,7
f36d9208-bad2-11e8-b2b8-ac1f6b6435d0,0 1 25
f37b4dee-bad7-11e8-b2b9-ac1f6b6435d0,18 19
f38adcbc-bad4-11e8-b2b8-ac1f6b6435d0,0 5 25
f3910e40-bacd-11e8-b2b8-ac1f6b6435d0,0 1 25
f3a8c7c2-bad9-11e8-b2b9-ac1f6b6435d0,0 7 22
f3b19b56-bacd-11e8-b2b8-ac1f6b6435d0,0 3
f3b4a23e-bad6-11e8-b2b9-ac1f6b6435d0,0 11 23
f3b5932a-bad5-11e8-b2b9-ac1f6b6435d0,0 23
f3ba62e0-bad7-11e8-b2b9-ac1f6b6435d0,24 25
f3c9a804-bacd-11e8-b2b8-ac1f6b6435d0,0
f3ca1ffc-bac6-11e8-b2b7-ac1f6b6435d0,3
f3d80900-bacb-11e8-b2b8-ac1f6b6435d0,0 25
f3d8da94-bad8-11e8-b2b9-ac1f6b6435d0,0 23
f3da9e6c-bac7-11e8-b2b7-ac1f6b6435d0,0 21 25
f3dae440-bacb-11e8-b2b8-ac1f6b6435d0,0 2 25
f3e1e6e6-bac6-11e8-b2b7-ac1f6b6435d0,0 14 16
f3e8f758-bad3-11e8-b2b8-ac1f6b6435d0,0 2 25
f3ee0e50-bace-11e8-b2b8-ac1f6b6435d0,0 7
f3f02c8a-bad3-11e8-b2b8-ac1f6b6435d0,25
f3f4449e-bad5-11e8-b2b9-ac1f6b6435d0,0 2 21
f3f545e4-bac9-11e8-b2b8-ac1f6b6435d0,0 7
f3f555c4-baca-11e8-b2b8-ac1f6b6435d0,0 7 25
f3fcd464-bad6-11e8-b2b9-ac1f6b6435d0,4
f4050a6a-bac9-11e8-b2b8-ac1f6b6435d0,0 4
f40e0f60-bad9-11e8-b2b9-ac1f6b6435d0,3
f411d164-bace-11e8-b2b8-ac1f6b6435d0,7
f4177b34-bacc-11e8-b2b8-ac1f6b6435d0,0 2 23
f41e1c1c-bad8-11e8-b2b9-ac1f6b6435d0,0
f41ebdbe-bada-11e8-b2b9-ac1f6b6435d0,7 19
f41fc360-bac8-11e8-b2b8-ac1f6b6435d0,0 1
f4258e20-bace-11e8-b2b8-ac1f6b6435d0,0 14 20
f425fb82-bac7-11e8-b2b7-ac1f6b6435d0,0
f427d10e-bac8-11e8-b2b8-ac1f6b6435d0,2 25
f42de05c-bad8-11e8-b2b9-ac1f6b6435d0,0 7 23 25
f432dec0-bad0-11e8-b2b8-ac1f6b6435d0,0 25
f442493c-bad0-11e8-b2b8-ac1f6b6435d0,0 2 25
f442f0ce-bacd-11e8-b2b8-ac1f6b6435d0,21 25
f443fe26-bada-11e8-b2b9-ac1f6b6435d0,0 2
f4467ac4-bad6-11e8-b2b9-ac1f6b6435d0,0 2
f446b548-bacc-11e8-b2b8-ac1f6b6435d0,0
f44d0de0-bacb-11e8-b2b8-ac1f6b6435d0,7 21
f44d7fce-bacf-11e8-b2b8-ac1f6b6435d0,0 25
f454e836-bad9-11e8-b2b9-ac1f6b6435d0,0 7
f4557964-bad8-11e8-b2b9-ac1f6b6435d0,7 21 25
f45f74f4-bacf-11e8-b2b8-ac1f6b6435d0,0 23
f4668e30-bac8-11e8-b2b8-ac1f6b6435d0,0 3
f46da598-bad8-11e8-b2b9-ac1f6b6435d0,0 11
f46e64ae-bacb-11e8-b2b8-ac1f6b6435d0,0 25 26
f4972648-bace-11e8-b2b8-ac1f6b6435d0,0 25
f49c7916-bada-11e8-b2b9-ac1f6b6435d0,0 3
f4bed66c-bad7-11e8-b2b9-ac1f6b6435d0,0 14 16 17
f4c40ae8-bad6-11e8-b2b9-ac1f6b6435d0,0 25
f4c45058-bad5-11e8-b2b9-ac1f6b6435d0,5
f4d1c5a0-bad8-11e8-b2b9-ac1f6b6435d0,0 1
f4d43f74-bac9-11e8-b2b8-ac1f6b6435d0,23
f4df020e-bacb-11e8-b2b8-ac1f6b6435d0,12
f4ea734a-bac7-11e8-b2b7-ac1f6b6435d0,0 1
f4ec70de-baca-11e8-b2b8-ac1f6b6435d0,4
f4f6cdfc-bac7-11e8-b2b7-ac1f6b6435d0,0 21 25
f4f98044-bacf-11e8-b2b8-ac1f6b6435d0,0 25
f4ff1d32-bad5-11e8-b2b9-ac1f6b6435d0,0 1 25
f5011164-bada-11e8-b2b9-ac1f6b6435d0,0 25
f5056cdc-bacb-11e8-b2b8-ac1f6b6435d0,0 19
f5098f5e-bac8-11e8-b2b8-ac1f6b6435d0,22
f50a2e9c-bad6-11e8-b2b9-ac1f6b6435d0,0 25
f52160c2-bada-11e8-b2b9-ac1f6b6435d0,0 19 25
f5293884-bad4-11e8-b2b8-ac1f6b6435d0,21
f52d0da2-bace-11e8-b2b8-ac1f6b6435d0,25
f5409226-bacb-11e8-b2b8-ac1f6b6435d0,0 2 25
f5418e22-bacd-11e8-b2b8-ac1f6b6435d0,0 25
f5468602-bacd-11e8-b2b8-ac1f6b6435d0,7 21
f5483034-bac7-11e8-b2b7-ac1f6b6435d0,0 2 7 25
f552631a-bac7-11e8-b2b7-ac1f6b6435d0,0 25
f554bbaa-bac8-11e8-b2b8-ac1f6b6435d0,7 25
f5613b40-bad8-11e8-b2b9-ac1f6b6435d0,7
f561e14c-bacb-11e8-b2b8-ac1f6b6435d0,0
f56e9ef0-bac6-11e8-b2b7-ac1f6b6435d0,0
f570cd4a-bad7-11e8-b2b9-ac1f6b6435d0,7
f571288a-bac8-11e8-b2b8-ac1f6b6435d0,0 4
f576dd4a-bacb-11e8-b2b8-ac1f6b6435d0,0
f57a2fd4-bacd-11e8-b2b8-ac1f6b6435d0,11
f5823588-bad9-11e8-b2b9-ac1f6b6435d0,0 5
f586c4e4-bac6-11e8-b2b7-ac1f6b6435d0,0 25
f58a9cee-bad6-11e8-b2b9-ac1f6b6435d0,4 5 7 25
f58c803c-bac6-11e8-b2b7-ac1f6b6435d0,0 21 22
f5952d90-bacb-11e8-b2b8-ac1f6b6435d0,0
f5a02504-bad7-11e8-b2b9-ac1f6b6435d0,0 14
f5a2f008-bac9-11e8-b2b8-ac1f6b6435d0,0 25
f5a3b926-bad2-11e8-b2b8-ac1f6b6435d0,0 21 25
f5a772da-bad9-11e8-b2b9-ac1f6b6435d0,0 23
f5aab46e-bace-11e8-b2b8-ac1f6b6435d0,0
f5b14124-bad0-11e8-b2b8-ac1f6b6435d0,
f5b8320e-bad0-11e8-b2b8-ac1f6b6435d0,0 21 25
f5bcf26e-bace-11e8-b2b8-ac1f6b6435d0,0 2
f5c28c5c-bacd-11e8-b2b8-ac1f6b6435d0,0 7
f5c2e1da-bad1-11e8-b2b8-ac1f6b6435d0,18 19 25
f5c6acd2-bad3-11e8-b2b8-ac1f6b6435d0,2 21 25
f5d03b9a-bacd-11e8-b2b8-ac1f6b6435d0,12 25
f5d18404-bace-11e8-b2b8-ac1f6b6435d0,0 3
f5d3857e-bad8-11e8-b2b9-ac1f6b6435d0,0 11
f5dafd7e-bad1-11e8-b2b8-ac1f6b6435d0,0 19
f5dcb0b6-bad0-11e8-b2b8-ac1f6b6435d0,24
f5ddd09e-bad1-11e8-b2b8-ac1f6b6435d0,13
f5e8f4c8-bad2-11e8-b2b8-ac1f6b6435d0,0 2
f5f558ae-bad6-11e8-b2b9-ac1f6b6435d0,0 21 22
f5f806b2-bad6-11e8-b2b9-ac1f6b6435d0,0 23
f5f860ae-bada-11e8-b2b9-ac1f6b6435d0,4 25 26
f5f8d350-bad4-11e8-b2b8-ac1f6b6435d0,25
f5fc8a74-bad2-11e8-b2b8-ac1f6b6435d0,0 5
f5ff4bce-bad2-11e8-b2b8-ac1f6b6435d0,23 25
f6017b28-bac9-11e8-b2b8-ac1f6b6435d0,0
f60586ac-bac7-11e8-b2b7-ac1f6b6435d0,0 7 25
f606e4f2-bad1-11e8-b2b8-ac1f6b6435d0,0 18
f60d7520-bada-11e8-b2b9-ac1f6b6435d0,0 23 25
f610d506-bad2-11e8-b2b8-ac1f6b6435d0,0 25
f6158ac2-bad4-11e8-b2b8-ac1f6b6435d0,0 25
f6187160-bac5-11e8-b2b7-ac1f6b6435d0,0 21 25
f61ab17c-bac6-11e8-b2b7-ac1f6b6435d0,21 25
f61bfd8c-bad7-11e8-b2b9-ac1f6b6435d0,0 21 25
f63059c8-bada-11e8-b2b9-ac1f6b6435d0,0 7
f634b2dc-bacd-11e8-b2b8-ac1f6b6435d0,3
f63b0980-bad1-11e8-b2b8-ac1f6b6435d0,0 2 23
f63e0184-bac8-11e8-b2b8-ac1f6b6435d0,11
f63ecee0-bacb-11e8-b2b8-ac1f6b6435d0,0 2 23
f6464310-bacf-11e8-b2b8-ac1f6b6435d0,0 13 22
f6577616-bada-11e8-b2b9-ac1f6b6435d0,0 19
f65ad4f4-bad1-11e8-b2b8-ac1f6b6435d0,21
f662d97a-bad0-11e8-b2b8-ac1f6b6435d0,0 1
f665e29c-bad4-11e8-b2b8-ac1f6b6435d0,14
f6681a6c-bad9-11e8-b2b9-ac1f6b6435d0,0 25
f669849c-baca-11e8-b2b8-ac1f6b6435d0,0 21
f66ad982-bad4-11e8-b2b8-ac1f6b6435d0,12
f6736e50-bad2-11e8-b2b8-ac1f6b6435d0,0 5
f6739856-baca-11e8-b2b8-ac1f6b6435d0,12 25
f673cbf8-bad6-11e8-b2b9-ac1f6b6435d0,21 22
f678aed2-bac9-11e8-b2b8-ac1f6b6435d0,0 25
f685fabe-bad4-11e8-b2b8-ac1f6b6435d0,2 11
f687a036-bace-11e8-b2b8-ac1f6b6435d0,0 21
f689316c-bad8-11e8-b2b9-ac1f6b6435d0,21
f69875a4-bac5-11e8-b2b7-ac1f6b6435d0,0 2
f69edb42-bad9-11e8-b2b9-ac1f6b6435d0,0 2
f69f76d0-bacd-11e8-b2b8-ac1f6b6435d0,0
f6a2e576-bad3-11e8-b2b8-ac1f6b6435d0,0 12
f6a4ba2a-bad0-11e8-b2b8-ac1f6b6435d0,0 25
f6a5e9c8-bacf-11e8-b2b8-ac1f6b6435d0,0 2 25
f6a8887c-baca-11e8-b2b8-ac1f6b6435d0,0 21 25
f6aa5f68-bad3-11e8-b2b8-ac1f6b6435d0,14
f6b06252-bad6-11e8-b2b9-ac1f6b6435d0,0 16
f6b41b34-bac9-11e8-b2b8-ac1f6b6435d0,0 1
f6ba8550-bad3-11e8-b2b8-ac1f6b6435d0,0 21 25
f6bb67de-bad5-11e8-b2b9-ac1f6b6435d0,0 1 25
f6c60488-bad4-11e8-b2b8-ac1f6b6435d0,0 12
f6ce0b64-bac6-11e8-b2b7-ac1f6b6435d0,4 25
f6d0d3aa-bad3-11e8-b2b8-ac1f6b6435d0,0 5
f6d1cd1c-bacb-11e8-b2b8-ac1f6b6435d0,11
f6d32706-bac7-11e8-b2b7-ac1f6b6435d0,14
f6d3e4a4-bac5-11e8-b2b7-ac1f6b6435d0,2 23
f6da6cee-bace-11e8-b2b8-ac1f6b6435d0,0 23
f6dc8d2e-bad5-11e8-b2b9-ac1f6b6435d0,0 12 21
f6dfa19e-bad5-11e8-b2b9-ac1f6b6435d0,0 24
f6e88b48-bad9-11e8-b2b9-ac1f6b6435d0,0 25
f6ec3342-bac5-11e8-b2b7-ac1f6b6435d0,0
f6f2429e-bad1-11e8-b2b8-ac1f6b6435d0,0 25
f6fdfb0a-bad3-11e8-b2b8-ac1f6b6435d0,0
f703077a-bac5-11e8-b2b7-ac1f6b6435d0,23 25
f7064fa0-bacc-11e8-b2b8-ac1f6b6435d0,0 1 25
f706c8f8-bacd-11e8-b2b8-ac1f6b6435d0,0 2 12 21
f7080cc0-bad4-11e8-b2b8-ac1f6b6435d0,0 16 25
f70c7d56-bad3-11e8-b2b8-ac1f6b6435d0,0 19
f70ee99c-bace-11e8-b2b8-ac1f6b6435d0,7
f70f19e6-bacc-11e8-b2b8-ac1f6b6435d0,21 23
f7183730-bad4-11e8-b2b8-ac1f6b6435d0,0 21 22
f71d7142-bad8-11e8-b2b9-ac1f6b6435d0,0 21
f7221fc2-bacd-11e8-b2b8-ac1f6b6435d0,25
f7251b58-baca-11e8-b2b8-ac1f6b6435d0,0 2 25
f72757ba-baca-11e8-b2b8-ac1f6b6435d0,0 7 23
f72b2bcc-bac7-11e8-b2b7-ac1f6b6435d0,0 25
f733c822-bad6-11e8-b2b9-ac1f6b6435d0,0 18 21 25
f7368db8-bad2-11e8-b2b8-ac1f6b6435d0,0 21
f736aca0-bad5-11e8-b2b9-ac1f6b6435d0,0 21 25
f73cb6dc-bacf-11e8-b2b8-ac1f6b6435d0,0 21 25
f742d7e0-bac7-11e8-b2b7-ac1f6b6435d0,0 19 25
f744241c-bacf-11e8-b2b8-ac1f6b6435d0,0 23
f7478934-bad1-11e8-b2b8-ac1f6b6435d0,0 21 23
f757eff6-bad4-11e8-b2b8-ac1f6b6435d0,0 5 15
f75d80ba-bacf-11e8-b2b8-ac1f6b6435d0,0 25
f763055a-bad7-11e8-b2b9-ac1f6b6435d0,0 5
f76733da-bad9-11e8-b2b9-ac1f6b6435d0,2
f767e26e-bac8-11e8-b2b8-ac1f6b6435d0,0 21 22
f7720f08-bac5-11e8-b2b7-ac1f6b6435d0,0 19
f7764004-bac6-11e8-b2b7-ac1f6b6435d0,5 25
f776473c-bad7-11e8-b2b9-ac1f6b6435d0,0 21 25
f780d0fe-bac7-11e8-b2b7-ac1f6b6435d0,5 25
f7891f32-bad8-11e8-b2b9-ac1f6b6435d0,0 12
f7950864-bac5-11e8-b2b7-ac1f6b6435d0,0
f7962292-bad1-11e8-b2b8-ac1f6b6435d0,23
f7994356-bac6-11e8-b2b7-ac1f6b6435d0,0
f79ea480-bacc-11e8-b2b8-ac1f6b6435d0,19 21
f79fb250-baca-11e8-b2b8-ac1f6b6435d0,0 2 25
f7a36cf0-bad5-11e8-b2b9-ac1f6b6435d0,0
f7a5062e-bad9-11e8-b2b9-ac1f6b6435d0,0 7
f7a665c6-bacc-11e8-b2b8-ac1f6b6435d0,21
f7a9ad18-bad0-11e8-b2b8-ac1f6b6435d0,21
f7b23f6c-bac8-11e8-b2b8-ac1f6b6435d0,0 21
f7b2fa8c-bad3-11e8-b2b8-ac1f6b6435d0,0 5
f7b32c5e-bad4-11e8-b2b8-ac1f6b6435d0,19
f7bf5e48-bac5-11e8-b2b7-ac1f6b6435d0,2 25
f7c0c11e-bad6-11e8-b2b9-ac1f6b6435d0,0 25
f7c22b8e-bad2-11e8-b2b8-ac1f6b6435d0,0 12
f7c4943a-bac5-11e8-b2b7-ac1f6b6435d0,0 4 19
f7c8337e-bad4-11e8-b2b8-ac1f6b6435d0,4
f7cabbba-bac7-11e8-b2b7-ac1f6b6435d0,25
f7cf8724-bad8-11e8-b2b9-ac1f6b6435d0,0 2 3
f7dde72e-bace-11e8-b2b8-ac1f6b6435d0,0 3 21 25
f7e39716-bad6-11e8-b2b9-ac1f6b6435d0,20 26
f7e4abce-bad1-11e8-b2b8-ac1f6b6435d0,0 5 25
f7e78ed2-bac9-11e8-b2b8-ac1f6b6435d0,0 23
f7ed7f80-bacf-11e8-b2b8-ac1f6b6435d0,5 25
f7faaa9e-bac9-11e8-b2b8-ac1f6b6435d0,0 5 7 25
f7ff4944-bacb-11e8-b2b8-ac1f6b6435d0,0 2
f7ffc8b6-bacf-11e8-b2b8-ac1f6b6435d0,0 25
f80a0a68-bacc-11e8-b2b8-ac1f6b6435d0,14
f80a0d36-bad8-11e8-b2b9-ac1f6b6435d0,0 25
f80f2680-baca-11e8-b2b8-ac1f6b6435d0,0 23
f8124af2-bad1-11e8-b2b8-ac1f6b6435d0,0 25
f81611f8-bad3-11e8-b2b8-ac1f6b6435d0,21
f81b8350-bad7-11e8-b2b9-ac1f6b6435d0,0 16 17 25
f81fdcbc-bacc-11e8-b2b8-ac1f6b6435d0,7 23
f82372e4-bad3-11e8-b2b8-ac1f6b6435d0,1 25
f82d03c2-bac9-11e8-b2b8-ac1f6b6435d0,21 25
f82dca9c-bad7-11e8-b2b9-ac1f6b6435d0,0 19 21
f82de560-bac6-11e8-b2b7-ac1f6b6435d0,0 11
f8307fa0-bad5-11e8-b2b9-ac1f6b6435d0,0 7 25
f8310592-bacb-11e8-b2b8-ac1f6b6435d0,0 25
f847f168-bac5-11e8-b2b7-ac1f6b6435d0,0
f8489f46-baca-11e8-b2b8-ac1f6b6435d0,22
f849cbb0-bace-11e8-b2b8-ac1f6b6435d0,4 23
f84c9496-bacc-11e8-b2b8-ac1f6b6435d0,21
f84f06b2-bacd-11e8-b2b8-ac1f6b6435d0,25
f865ab9a-bad9-11e8-b2b9-ac1f6b6435d0,0 3
f866b7f8-bad7-11e8-b2b9-ac1f6b6435d0,0
f870b1b6-bacf-11e8-b2b8-ac1f6b6435d0,0 21 25
f8718b22-bad9-11e8-b2b9-ac1f6b6435d0,0 14 16 17
f8755458-bac7-11e8-b2b7-ac1f6b6435d0,0 5 25
f8806736-bada-11e8-b2b9-ac1f6b6435d0,23
f882660c-bad6-11e8-b2b9-ac1f6b6435d0,0 25
f8883f7c-bad7-11e8-b2b9-ac1f6b6435d0,24
f8a5fb2e-bace-11e8-b2b8-ac1f6b6435d0,0 23
f8a95c06-bad3-11e8-b2b8-ac1f6b6435d0,21 25
f8c8b2b6-bacb-11e8-b2b8-ac1f6b6435d0,0 25
f8cc335c-bac9-11e8-b2b8-ac1f6b6435d0,0 19 25
f8cd7738-bad0-11e8-b2b8-ac1f6b6435d0,0 21 25
f8d2bf70-bac8-11e8-b2b8-ac1f6b6435d0,0 2
f8d314f6-bace-11e8-b2b8-ac1f6b6435d0,2 25
f8e01cac-bad6-11e8-b2b9-ac1f6b6435d0,3
f8ea2aaa-bad9-11e8-b2b9-ac1f6b6435d0,2 21 25
f8ef80fe-bacf-11e8-b2b8-ac1f6b6435d0,4 25
f8efcc88-bad1-11e8-b2b8-ac1f6b6435d0,3 25
f8f224b2-bad9-11e8-b2b9-ac1f6b6435d0,7 22 25
f8f6566a-bac8-11e8-b2b8-ac1f6b6435d0,0 16
f8f8b658-bacd-11e8-b2b8-ac1f6b6435d0,12 25
f9001386-bad1-11e8-b2b8-ac1f6b6435d0,0 18 19 25
f9010f54-bad4-11e8-b2b8-ac1f6b6435d0,0 21
f902691c-bad4-11e8-b2b8-ac1f6b6435d0,0 21
f904ede4-bac6-11e8-b2b7-ac1f6b6435d0,5
f9072da0-bacd-11e8-b2b8-ac1f6b6435d0,0 21 22
f90f53ec-bada-11e8-b2b9-ac1f6b6435d0,12 21
f913e764-baca-11e8-b2b8-ac1f6b6435d0,0 21
f91600dc-bacd-11e8-b2b8-ac1f6b6435d0,0 2
f91d1342-bada-11e8-b2b9-ac1f6b6435d0,0 1
f9315ea4-bad7-11e8-b2b9-ac1f6b6435d0,0 26
f93f5acc-bac8-11e8-b2b8-ac1f6b6435d0,0 25
f9428ca8-bacb-11e8-b2b8-ac1f6b6435d0,0 16 23
f9435080-bacf-11e8-b2b8-ac1f6b6435d0,21 25
f9490cf0-baca-11e8-b2b8-ac1f6b6435d0,7
f957fd58-bac7-11e8-b2b7-ac1f6b6435d0,2 18 19
f9596a9c-bace-11e8-b2b8-ac1f6b6435d0,0 1
f95d5e3e-bada-11e8-b2b9-ac1f6b6435d0,0 23 25
f9632e36-bad5-11e8-b2b9-ac1f6b6435d0,0 21 25
f9665c3e-bad3-11e8-b2b8-ac1f6b6435d0,0 21 25
f9679740-bacc-11e8-b2b8-ac1f6b6435d0,25
f98bfd88-bad6-11e8-b2b9-ac1f6b6435d0,2
f99449c8-bad8-11e8-b2b9-ac1f6b6435d0,0 23 25
f999a5be-bad6-11e8-b2b9-ac1f6b6435d0,0 5 7
f99ec2b8-bac9-11e8-b2b8-ac1f6b6435d0,21 25
f9a3fe3c-bad7-11e8-b2b9-ac1f6b6435d0,0
f9abf4a0-baca-11e8-b2b8-ac1f6b6435d0,0 5 25
f9b03760-bad7-11e8-b2b9-ac1f6b6435d0,0 1 21
f9b45e5c-bac9-11e8-b2b8-ac1f6b6435d0,2 3 25
f9b52602-bace-11e8-b2b8-ac1f6b6435d0,0 2 25
f9bd270e-bad7-11e8-b2b9-ac1f6b6435d0,0
f9c08a0a-bad9-11e8-b2b9-ac1f6b6435d0,0 17 25
f9c6cf92-bace-11e8-b2b8-ac1f6b6435d0,0 21 25
f9d0b926-bace-11e8-b2b8-ac1f6b6435d0,23 25
f9d37b00-bada-11e8-b2b9-ac1f6b6435d0,0 20 23
f9df5950-bacd-11e8-b2b8-ac1f6b6435d0,21 25
f9ef4636-bacc-11e8-b2b8-ac1f6b6435d0,18 19
f9f20904-bad9-11e8-b2b9-ac1f6b6435d0,11 21
f9fe3de2-bac9-11e8-b2b8-ac1f6b6435d0,25
fa02afd0-bac9-11e8-b2b8-ac1f6b6435d0,0 22 25
fa060ffa-bad7-11e8-b2b9-ac1f6b6435d0,0 7
fa0b8804-bad2-11e8-b2b8-ac1f6b6435d0,2 25
fa0e7fae-bad8-11e8-b2b9-ac1f6b6435d0,7
fa1aa6f2-bad9-11e8-b2b9-ac1f6b6435d0,0 25
fa1ad300-bad1-11e8-b2b8-ac1f6b6435d0,0 21 25
fa1b9976-bad0-11e8-b2b8-ac1f6b6435d0,25
fa1ca3da-bacf-11e8-b2b8-ac1f6b6435d0,14
fa270d60-bacb-11e8-b2b8-ac1f6b6435d0,1 6 25
fa2eb790-bac6-11e8-b2b7-ac1f6b6435d0,0 25
fa3284c2-bad2-11e8-b2b8-ac1f6b6435d0,2 17 25
fa3a989a-bac5-11e8-b2b7-ac1f6b6435d0,23
fa4ed666-bad4-11e8-b2b8-ac1f6b6435d0,3 5 26
fa519398-bad8-11e8-b2b9-ac1f6b6435d0,0 2 25
fa6877dc-bac6-11e8-b2b7-ac1f6b6435d0,25
fa6b8ccc-bad2-11e8-b2b8-ac1f6b6435d0,0 2 25
fa6c8832-bac5-11e8-b2b7-ac1f6b6435d0,0 4 25
fa7438c4-bac6-11e8-b2b7-ac1f6b6435d0,0 11 25
fa7a6504-bad1-11e8-b2b8-ac1f6b6435d0,0 21 25
fa7b02fc-bac7-11e8-b2b7-ac1f6b6435d0,0 7
fa7e6eca-bacb-11e8-b2b8-ac1f6b6435d0,2 21 25
fa8d9cf6-bad5-11e8-b2b9-ac1f6b6435d0,5
fa9f0a28-bac5-11e8-b2b7-ac1f6b6435d0,0 25
fa9f5cde-bad5-11e8-b2b9-ac1f6b6435d0,0 2 4 25
faa624c8-bad6-11e8-b2b9-ac1f6b6435d0,11
faa94a4a-bacc-11e8-b2b8-ac1f6b6435d0,6 23
fab4b8a4-bad5-11e8-b2b9-ac1f6b6435d0,0 4 25
fabcf406-bad5-11e8-b2b9-ac1f6b6435d0,21 25
fac5dd7a-bac9-11e8-b2b8-ac1f6b6435d0,0 2 21 25
fac89012-bacc-11e8-b2b8-ac1f6b6435d0,0 25
fad8813e-bad1-11e8-b2b8-ac1f6b6435d0,0
fadc7144-bac8-11e8-b2b8-ac1f6b6435d0,0 25
fae4c7b0-bad0-11e8-b2b8-ac1f6b6435d0,7
fae8d79a-bacd-11e8-b2b8-ac1f6b6435d0,3
faf2bce8-bad6-11e8-b2b9-ac1f6b6435d0,0 2 25
fafc9a68-bad3-11e8-b2b8-ac1f6b6435d0,18
fb08d0c4-bac6-11e8-b2b7-ac1f6b6435d0,23
fb0e2488-bac7-11e8-b2b7-ac1f6b6435d0,13
fb0e4ae2-bad8-11e8-b2b9-ac1f6b6435d0,0 23
fb0f3c9c-bad1-11e8-b2b8-ac1f6b6435d0,0 22
fb111f00-bad9-11e8-b2b9-ac1f6b6435d0,0 21
fb1278d8-bac9-11e8-b2b8-ac1f6b6435d0,11
fb130664-bac8-11e8-b2b8-ac1f6b6435d0,0 25
fb1839a2-baca-11e8-b2b8-ac1f6b6435d0,22
fb19471e-bad6-11e8-b2b9-ac1f6b6435d0,20
fb1d6350-baca-11e8-b2b8-ac1f6b6435d0,22
fb3c40e8-bac7-11e8-b2b7-ac1f6b6435d0,3 25
fb3dfa4a-bad7-11e8-b2b9-ac1f6b6435d0,1 21
fb46d0b8-bac6-11e8-b2b7-ac1f6b6435d0,0 7
fb47b18a-bad6-11e8-b2b9-ac1f6b6435d0,0 11
fb488e18-bacf-11e8-b2b8-ac1f6b6435d0,0 2
fb4b5660-bacb-11e8-b2b8-ac1f6b6435d0,0 22
fb4bca20-bace-11e8-b2b8-ac1f6b6435d0,7
fb607656-bad2-11e8-b2b8-ac1f6b6435d0,25
fb6906d2-bac7-11e8-b2b7-ac1f6b6435d0,0 7
fb698ebe-bad0-11e8-b2b8-ac1f6b6435d0,0
fb6a7612-bac6-11e8-b2b7-ac1f6b6435d0,7 19
fb6bd85c-bacd-11e8-b2b8-ac1f6b6435d0,0 23
fb71a95a-bad0-11e8-b2b8-ac1f6b6435d0,0 21 22 25
fb76cc64-bad5-11e8-b2b9-ac1f6b6435d0,0 25
fb7982f6-bac6-11e8-b2b7-ac1f6b6435d0,25
fb79f34a-bacf-11e8-b2b8-ac1f6b6435d0,1
fb814b7c-bacf-11e8-b2b8-ac1f6b6435d0,0 4 21 25
fb8156a6-bad6-11e8-b2b9-ac1f6b6435d0,0 7 21
fb877348-bacb-11e8-b2b8-ac1f6b6435d0,0 25
fb87911a-bacc-11e8-b2b8-ac1f6b6435d0,0 2 23
fb8a8fb4-bad6-11e8-b2b9-ac1f6b6435d0,0 21 22
fb8d8130-bac5-11e8-b2b7-ac1f6b6435d0,21 25
fb935906-bac6-11e8-b2b7-ac1f6b6435d0,0 5 23
fb93b128-bad8-11e8-b2b9-ac1f6b6435d0,0 21
fba157d2-baca-11e8-b2b8-ac1f6b6435d0,0 2 25
fbaed802-bacb-11e8-b2b8-ac1f6b6435d0,0 2
fbb34664-bace-11e8-b2b8-ac1f6b6435d0,23 25
fbb57666-bad1-11e8-b2b8-ac1f6b6435d0,6 25
fbb5b390-bad8-11e8-b2b9-ac1f6b6435d0,25
fbbefcba-bad4-11e8-b2b8-ac1f6b6435d0,18 19 25
fbbff9b6-bada-11e8-b2b9-ac1f6b6435d0,0 19
fbc044d4-bada-11e8-b2b9-ac1f6b6435d0,0 23
fbc23f50-bada-11e8-b2b9-ac1f6b6435d0,0 21
fbcdf9fe-bac5-11e8-b2b7-ac1f6b6435d0,2 25
fbd1a3ca-bad8-11e8-b2b9-ac1f6b6435d0,3
fbdb1d0a-bad9-11e8-b2b9-ac1f6b6435d0,0 12
fbed2e8a-bacc-11e8-b2b8-ac1f6b6435d0,0 11
fbef6b28-bacc-11e8-b2b8-ac1f6b6435d0,0 4 25
fbf004c8-bad8-11e8-b2b9-ac1f6b6435d0,0 19
fbf0befa-bad7-11e8-b2b9-ac1f6b6435d0,14
fc01dd28-bac5-11e8-b2b7-ac1f6b6435d0,0
fc065f2c-bad6-11e8-b2b9-ac1f6b6435d0,0 3
fc151dc4-bac6-11e8-b2b7-ac1f6b6435d0,23
fc154ab4-bac7-11e8-b2b7-ac1f6b6435d0,0 7
fc2000f2-bac8-11e8-b2b8-ac1f6b6435d0,23
fc272ee6-bacc-11e8-b2b8-ac1f6b6435d0,0 25
fc27a548-bad0-11e8-b2b8-ac1f6b6435d0,7 23
fc2b9e2e-bacf-11e8-b2b8-ac1f6b6435d0,0 7
fc2cd7fc-bada-11e8-b2b9-ac1f6b6435d0,0 25
fc2e1eba-bacf-11e8-b2b8-ac1f6b6435d0,19 25
fc3c1a6e-bada-11e8-b2b9-ac1f6b6435d0,5 14 16
fc3c245a-bada-11e8-b2b9-ac1f6b6435d0,21
fc446ffe-bad3-11e8-b2b8-ac1f6b6435d0,0 19
fc490ff0-bac9-11e8-b2b8-ac1f6b6435d0,21
fc56f5de-bad8-11e8-b2b9-ac1f6b6435d0,0 21 25
fc6271b2-bad7-11e8-b2b9-ac1f6b6435d0,2 12 25
fc66d9ca-bacb-11e8-b2b8-ac1f6b6435d0,0 20 23
fc7199da-bacd-11e8-b2b8-ac1f6b6435d0,4
fc770bd6-bac8-11e8-b2b8-ac1f6b6435d0,3 25
fc82d0f8-bac6-11e8-b2b7-ac1f6b6435d0,19
fc871a94-bad2-11e8-b2b8-ac1f6b6435d0,0 2 25
fc88bbaa-bac9-11e8-b2b8-ac1f6b6435d0,0 25
fc8bb0a6-bada-11e8-b2b9-ac1f6b6435d0,5 25
fc911d20-bad5-11e8-b2b9-ac1f6b6435d0,0 25
fc9700b0-bad9-11e8-b2b9-ac1f6b6435d0,0 13 25
fc9b573c-bad4-11e8-b2b8-ac1f6b6435d0,5 21
fca36326-bad6-11e8-b2b9-ac1f6b6435d0,0 5 24 25
fca4669e-bad7-11e8-b2b9-ac1f6b6435d0,23
fca95044-bad4-11e8-b2b8-ac1f6b6435d0,4
fcacd994-baca-11e8-b2b8-ac1f6b6435d0,0 1
fcb8e0b6-bad6-11e8-b2b9-ac1f6b6435d0,6 25
fcbc1d04-bad0-11e8-b2b8-ac1f6b6435d0,0 25
fcbd2f38-bad9-11e8-b2b9-ac1f6b6435d0,0 2 7 23
fcbf1f06-bad3-11e8-b2b8-ac1f6b6435d0,23
fcc6fc1a-bada-11e8-b2b9-ac1f6b6435d0,21 22
fcc903b8-bad3-11e8-b2b8-ac1f6b6435d0,2 14 25
fccf127a-baca-11e8-b2b8-ac1f6b6435d0,25
fcd88d84-bad2-11e8-b2b8-ac1f6b6435d0,25
fce301c8-bac9-11e8-b2b8-ac1f6b6435d0,5 25
fcfaae16-bacb-11e8-b2b8-ac1f6b6435d0,6
fcff314a-bad3-11e8-b2b8-ac1f6b6435d0,0 14
fd07426a-bad1-11e8-b2b8-ac1f6b6435d0,0 5 19 25
fd097aec-bac9-11e8-b2b8-ac1f6b6435d0,22
fd0bf7f8-bad9-11e8-b2b9-ac1f6b6435d0,
fd10e74c-bad7-11e8-b2b9-ac1f6b6435d0,0 1 23
fd151e66-bad2-11e8-b2b8-ac1f6b6435d0,
fd1645e2-bace-11e8-b2b8-ac1f6b6435d0,0
fd1a6cd8-bac6-11e8-b2b7-ac1f6b6435d0,21 23
fd21589a-bad5-11e8-b2b9-ac1f6b6435d0,0 2
fd2711b4-bad4-11e8-b2b8-ac1f6b6435d0,0 2
fd28dd0a-baca-11e8-b2b8-ac1f6b6435d0,0 4
fd29d488-bacc-11e8-b2b8-ac1f6b6435d0,18
fd3a10cc-bad2-11e8-b2b8-ac1f6b6435d0,0 19
fd3fdc76-bad4-11e8-b2b8-ac1f6b6435d0,13
fd45bbf8-bad6-11e8-b2b9-ac1f6b6435d0,0 25
fd54700c-bac8-11e8-b2b8-ac1f6b6435d0,21 25
fd5549f8-bad9-11e8-b2b9-ac1f6b6435d0,0 7 19
fd5e04ee-bacf-11e8-b2b8-ac1f6b6435d0,18
fd5e5852-bacc-11e8-b2b8-ac1f6b6435d0,21 25
fd674cd0-bad8-11e8-b2b9-ac1f6b6435d0,0 2
fd7367f8-bac5-11e8-b2b7-ac1f6b6435d0,23
fd78459e-bad8-11e8-b2b9-ac1f6b6435d0,0 25
fd80fc1c-bac8-11e8-b2b8-ac1f6b6435d0,4 25
fd8bb252-bad6-11e8-b2b9-ac1f6b6435d0,0 2
fd8cf0a6-bad9-11e8-b2b9-ac1f6b6435d0,0 2 12
fd8fac5e-bad6-11e8-b2b9-ac1f6b6435d0,0 25
fd973222-bad0-11e8-b2b8-ac1f6b6435d0,25
fd99997c-bad0-11e8-b2b8-ac1f6b6435d0,0 25
fda0098a-bad3-11e8-b2b8-ac1f6b6435d0,23 25
fda735be-bad5-11e8-b2b9-ac1f6b6435d0,14 16 17
fda9015e-bac7-11e8-b2b7-ac1f6b6435d0,4
fdabcb88-bac6-11e8-b2b7-ac1f6b6435d0,0 19
fdac9bfe-bac5-11e8-b2b7-ac1f6b6435d0,2 14 25
fdae783c-bad1-11e8-b2b8-ac1f6b6435d0,6 23 25
fdaea20a-bad9-11e8-b2b9-ac1f6b6435d0,2 21 25
fdbc966a-bac7-11e8-b2b7-ac1f6b6435d0,0 7 18
fdbd4f3a-bac5-11e8-b2b7-ac1f6b6435d0,0 5 15
fdc2d3fa-bada-11e8-b2b9-ac1f6b6435d0,21
fdca9d8c-bacc-11e8-b2b8-ac1f6b6435d0,25 26
fdcdb7dc-bac8-11e8-b2b8-ac1f6b6435d0,23
fdcf6a86-bace-11e8-b2b8-ac1f6b6435d0,0 25
fdd9ae6c-bad6-11e8-b2b9-ac1f6b6435d0,0 21
fdda7a20-bad3-11e8-b2b8-ac1f6b6435d0,25
fddb7a48-bac8-11e8-b2b8-ac1f6b6435d0,7 25
fddbebb2-bad3-11e8-b2b8-ac1f6b6435d0,2 25
fddcfb02-bad2-11e8-b2b8-ac1f6b6435d0,18 19
fdf227f6-bad8-11e8-b2b9-ac1f6b6435d0,23
fdf397f0-bac7-11e8-b2b7-ac1f6b6435d0,0
fdfeab7c-bad1-11e8-b2b8-ac1f6b6435d0,2
fe015cd6-bad2-11e8-b2b8-ac1f6b6435d0,0 2
fe0f3bc4-bad9-11e8-b2b9-ac1f6b6435d0,0 2 21 25
fe15ce8e-bada-11e8-b2b9-ac1f6b6435d0,0
fe1c65c4-bad9-11e8-b2b9-ac1f6b6435d0,0 25
fe2ac4a6-bad5-11e8-b2b9-ac1f6b6435d0,0 19
fe2dd7a0-bad9-11e8-b2b9-ac1f6b6435d0,0 23
fe32f6f2-bac7-11e8-b2b7-ac1f6b6435d0,0 21 25
fe34058c-bad2-11e8-b2b8-ac1f6b6435d0,0 13 21 25
fe391a58-bac9-11e8-b2b8-ac1f6b6435d0,0 25
fe413734-bad2-11e8-b2b8-ac1f6b6435d0,0 25
fe430150-bad6-11e8-b2b9-ac1f6b6435d0,0 5
fe43c6da-bad1-11e8-b2b8-ac1f6b6435d0,0 25
fe441216-bad1-11e8-b2b8-ac1f6b6435d0,0 14 25
fe49bb86-bad5-11e8-b2b9-ac1f6b6435d0,0 19
fe4db5c2-bac8-11e8-b2b8-ac1f6b6435d0,0 21
fe5b8516-bace-11e8-b2b8-ac1f6b6435d0,0 12
fe5d131e-bad2-11e8-b2b8-ac1f6b6435d0,0 1
fe5eacfc-bacc-11e8-b2b8-ac1f6b6435d0,0 7
fe670970-bacb-11e8-b2b8-ac1f6b6435d0,0
fe6dbfe2-bac9-11e8-b2b8-ac1f6b6435d0,0 1 25
fe6fcfac-baca-11e8-b2b8-ac1f6b6435d0,21
fe732e34-bac7-11e8-b2b7-ac1f6b6435d0,23
fe74b6e8-bac5-11e8-b2b7-ac1f6b6435d0,0 23
fe7a45ee-bada-11e8-b2b9-ac1f6b6435d0,0 25
fe7eb1a6-bac6-11e8-b2b7-ac1f6b6435d0,0 25
fe8ac0b4-bad9-11e8-b2b9-ac1f6b6435d0,0 25
fe8c56fa-bac9-11e8-b2b8-ac1f6b6435d0,0 5 25
fe91f01e-bad9-11e8-b2b9-ac1f6b6435d0,0
fe97588a-bacd-11e8-b2b8-ac1f6b6435d0,0 18 21
fe9aaae0-bacc-11e8-b2b8-ac1f6b6435d0,0 23
fe9c8f06-bacf-11e8-b2b8-ac1f6b6435d0,25
feb1163c-bad5-11e8-b2b9-ac1f6b6435d0,0 19
feb51386-bada-11e8-b2b9-ac1f6b6435d0,0
febff930-bac7-11e8-b2b7-ac1f6b6435d0,0 1
fec05188-bad0-11e8-b2b8-ac1f6b6435d0,7 24
fec8dfb6-bacf-11e8-b2b8-ac1f6b6435d0,0 25
fed21f6a-bacd-11e8-b2b8-ac1f6b6435d0,13
fed5e4e4-bad5-11e8-b2b9-ac1f6b6435d0,7
fedc6098-bacc-11e8-b2b8-ac1f6b6435d0,0 2
fede4258-bac9-11e8-b2b8-ac1f6b6435d0,0 23 25
fedeb1fa-bacb-11e8-b2b8-ac1f6b6435d0,0 5 25
fedf2e32-bad0-11e8-b2b8-ac1f6b6435d0,0 24
fee2d534-bace-11e8-b2b8-ac1f6b6435d0,0 25
fee4b04e-bac8-11e8-b2b8-ac1f6b6435d0,4
fee59ad6-bac8-11e8-b2b8-ac1f6b6435d0,21 25
fee8e684-bad0-11e8-b2b8-ac1f6b6435d0,11
fee90c26-bac7-11e8-b2b7-ac1f6b6435d0,23
feeaf2c6-bad0-11e8-b2b8-ac1f6b6435d0,2
fef2f6b0-bacb-11e8-b2b8-ac1f6b6435d0,7 11
fef4ffa0-bad5-11e8-b2b9-ac1f6b6435d0,25
fef58edc-bac8-11e8-b2b8-ac1f6b6435d0,0 6 25
fef9f134-bad2-11e8-b2b8-ac1f6b6435d0,0 18
fefa6a48-bacc-11e8-b2b8-ac1f6b6435d0,0 25
ff048f2e-bad5-11e8-b2b9-ac1f6b6435d0,
ff05b5c6-baca-11e8-b2b8-ac1f6b6435d0,25
ff106b9e-bad2-11e8-b2b8-ac1f6b6435d0,0 2
ff10925c-baca-11e8-b2b8-ac1f6b6435d0,4
ff10f1f6-bac6-11e8-b2b7-ac1f6b6435d0,0 2 25
ff18b5d0-bad5-11e8-b2b9-ac1f6b6435d0,14 25
ff18dfc2-bacd-11e8-b2b8-ac1f6b6435d0,0 25
ff19c17e-bac5-11e8-b2b7-ac1f6b6435d0,0
ff1d3994-bac5-11e8-b2b7-ac1f6b6435d0,0 21 25
ff237fa6-bada-11e8-b2b9-ac1f6b6435d0,0 25
ff26404c-bad0-11e8-b2b8-ac1f6b6435d0,0 5
ff2cd716-bad7-11e8-b2b9-ac1f6b6435d0,0 5
ff2d3abc-bad7-11e8-b2b9-ac1f6b6435d0,0 25
ff38cec0-bad4-11e8-b2b8-ac1f6b6435d0,0 2
ff489096-bad7-11e8-b2b9-ac1f6b6435d0,25
ff49d834-bad2-11e8-b2b8-ac1f6b6435d0,0 2
ff4aa9a4-bac7-11e8-b2b7-ac1f6b6435d0,0 21
ff5464dc-baca-11e8-b2b8-ac1f6b6435d0,12
ff56b30a-bace-11e8-b2b8-ac1f6b6435d0,0 25
ff581dac-bac5-11e8-b2b7-ac1f6b6435d0,22
ff5ee18c-baca-11e8-b2b8-ac1f6b6435d0,0 25
ff67db02-baca-11e8-b2b8-ac1f6b6435d0,0 25
ff7cc20c-bad3-11e8-b2b8-ac1f6b6435d0,25
ff7dc452-bad5-11e8-b2b9-ac1f6b6435d0,0 1
ff8346fa-bad7-11e8-b2b9-ac1f6b6435d0,11
ff8e580c-bad1-11e8-b2b8-ac1f6b6435d0,5 25
ff9659a0-bacf-11e8-b2b8-ac1f6b6435d0,0 5
ff9bdfd8-baca-11e8-b2b8-ac1f6b6435d0,0 21 25
ff9ccd2a-bad0-11e8-b2b8-ac1f6b6435d0,21
ffa6bc7e-bad3-11e8-b2b8-ac1f6b6435d0,0 7
ffad96dc-bad5-11e8-b2b9-ac1f6b6435d0,26
ffb91448-bac7-11e8-b2b7-ac1f6b6435d0,0 7 25
ffd677a0-bada-11e8-b2b9-ac1f6b6435d0,0 1 3
ffd72db2-bad5-11e8-b2b9-ac1f6b6435d0,0 18 19
ffd83fa4-bacb-11e8-b2b8-ac1f6b6435d0,0 25
ffd91122-bad0-11e8-b2b8-ac1f6b6435d0,0 11
ffdfb96a-bad4-11e8-b2b8-ac1f6b6435d0,11 21
ffdfc590-bad4-11e8-b2b8-ac1f6b6435d0,0
ffecb8a4-bad4-11e8-b2b8-ac1f6b6435d0,7
fff03816-bad5-11e8-b2b9-ac1f6b6435d0,0 1
fffe6f9c-bacd-11e8-b2b8-ac1f6b6435d0,0 25
